	515	455	596	280	556	273	313	383	243	566	258	574	500	389	497	247	181	217	327	288	570	149	507	140	443	131	170	292	592	222	519	656	148	296	353	188	429	539	158	605	479	454	226	516	252	400	499	187	622	198	424	612	118	534	314	482	281	260	138	459	609
515	0.0	7705.254570745862	16292.288666728195	10281.122847238039	8295.768198304482	10401.613865165347	11618.40561350825	7466.890182666409	7371.019264660757	8631.428734572279	7106.104629119951	9488.49076513225	8014.963817759878	8621.40174217627	6983.360723892186	10538.69707316801	7919.280459738751	8631.78625778002	7159.605436055816	6698.117795321309	7197.079685539128	8950.918891376461	8006.161564695032	7736.222980240423	12506.406118465848	11982.448873247906	14729.683228094214	7077.384898392908	10049.615913058567	10736.61450365058	7563.563908634606	9266.650149865376	9646.587946004536	9869.892349970187	10582.973258966498	7325.912980646167	9024.801216647378	7386.727286153186	10317.97441361433	8283.211031960975	7806.072443937476	7866.866212158435	7304.512714753805	9152.492993714883	6802.222577952003	10870.378558265576	8046.4908500538295	7408.428105880491	14845.023172767364	9277.187612633476	15962.7432166279	7981.498104992571	11568.123227213651	7331.040512778523	9958.84953194896	7627.155433056285	8189.687051408008	11164.663900001648	7593.416556465212	10772.297665772145	9441.59086171393
455	7705.254570745862	0.0	15357.683744627639	8709.642415162634	7686.202963752648	10373.459259089997	9896.761642072623	7117.413926420186	5977.725236241626	7185.102643664876	6196.284773959312	9388.900734377801	5472.993056820007	7661.708164632741	5732.763993049077	8679.061930877093	6244.390202413683	7259.931955603992	5182.692736406433	4071.8133552509503	5747.8561220684705	6459.027713208854	5644.327683612992	4365.905862475736	11252.54140183452	11206.042878732886	14536.9870330822	4487.851044765189	8503.735061724348	10146.468991723179	5869.897869639642	7351.413129460213	7954.183490465882	8505.50509963988	9108.775823347503	4052.757703095511	7911.292877905608	5016.836652712544	8627.667819289289	6412.969281074095	5000.067299547077	4339.721189200984	5583.018001045671	7478.461472789708	5637.3648099089705	8328.243752436645	7413.35005243918	4754.26976516899	13607.390822637528	7051.4350312542765	14942.735526000586	5637.953174690261	9831.969741613326	4943.883797178085	8561.676471346018	6958.030324739897	6481.0986722931475	9870.155115295807	4355.098965580461	8787.338561817223	7866.371336264263
596	16292.288666728195	15357.683744627639	0.0	14861.693611429351	14077.22991216667	14018.414068645568	18147.41389289394	16161.255675225239	16049.357588389636	16418.253317573097	15513.479783723573	16635.100210097924	14817.516424826395	16093.163890298265	15232.65928851558	15803.304338017413	15595.620763534871	15815.585224707937	14623.230012551947	14805.66688805337	15250.111934015435	15422.040429203913	14155.317269492762	15877.326727128846	18406.423335346823	13951.909009164301	17668.09921864828	14861.68984335227	16117.662051302603	17697.907418675237	15367.100995308127	14929.635661997918	13783.81946341434	16374.293725226746	13840.895382886181	14358.29401426228	15182.154227908502	14121.243146408888	15187.803725358055	13909.44574740489	15224.70390516676	14900.202146279762	14958.252170624748	16517.562229336385	14115.2548684039	16019.376017810431	16809.60311845583	15789.91402763169	20119.143992724938	16347.06138729527	17661.66659746469	14854.84870336955	13085.204965914749	14788.401232046688	16976.368810791075	15747.385497281763	13623.511148011734	16127.412501700326	14911.216751157499	12764.420590062049	12078.993666692602
280	10281.122847238039	8709.642415162634	14861.693611429351	0.0	9088.452508540715	11420.137739974944	6740.495975816616	9599.659264786433	9117.261540616239	10176.437932793577	8921.457728420844	11104.531957718884	9219.517232480235	10273.936489973063	8497.045604208559	10826.073203151733	8994.084500381348	8721.45727502004	6958.213923127112	7782.778102965547	8670.826085212411	8726.443490907393	8953.729055538815	8601.337047227018	6735.295613408516	11165.226195648702	9056.925692529447	7942.838409535976	10895.293249839584	11724.30518197134	9001.713947910142	4421.16839760713	8888.888681944441	4648.1604963684285	9970.94298449249	8480.220398079286	10089.415840374506	7802.8744062685	10463.34616649951	8834.154515288941	6110.685395272776	8875.8623806366	8576.687064362322	5608.313204520589	8330.672061724672	10977.633943614626	10631.050277371469	9001.767937466506	8188.876479713197	10547.132927957247	14462.306316767046	9296.441738643878	11604.312301898808	8401.316682520663	10625.547091797203	9551.815795962566	7974.593469262242	8750.525641354352	8627.843415361685	10504.208013934225	9631.151488788866
556	8295.768198304482	7686.202963752648	14077.22991216667	9088.452508540715	0.0	8374.901253149197	11304.65483772061	6940.099350873877	6353.783833276042	6009.0030787144715	6382.96224334752	6492.69766737987	7063.651534440243	6513.373319563373	6070.96129126187	7327.546110397396	8172.443392278713	9090.560708779189	7896.994364946704	6456.459401250812	8181.984355888247	6054.54696901428	5617.117855270619	7750.067741639424	12794.659901693361	8986.934905739554	13112.9772363106	6609.79008743848	9331.604042178385	10943.61114989015	7022.7254680786145	8691.21389680406	5312.294137187812	9178.717938797336	8315.101502687745	6915.961321465006	8491.998174752513	5358.973595755067	6570.49358876485	5885.907831422439	7205.560699903929	6795.888757182536	6201.132154695624	9043.392173294267	5591.518577273977	8368.1876173996	8369.132870256033	7755.077626948682	14902.324684424239	9172.150456681356	11871.991871627944	5871.574064933525	9611.830054677414	5410.994825353282	7497.716052238841	7903.551227138342	6094.405959566527	8255.438449894711	8130.36954879666	8679.643713885956	8910.036588028132
273	10401.613865165347	10373.459259089997	14018.414068645568	11420.137739974944	8374.901253149197	0.0	13336.626709929315	7395.189247071369	8457.085077022697	7899.355986408006	8153.18673893834	7979.464518374651	10709.511846951755	8107.22091718241	8154.052979960334	11673.656453742333	10766.18075270892	11101.108007762108	9743.84128565321	9704.244174586705	10129.022608327024	11750.786697068414	8136.989369539572	10702.0262100221	14424.2940555162	10824.407512653983	13124.550620878415	10072.397728445794	12794.589911364881	13554.345354903719	10406.765972193283	11365.417018306016	10137.577225353205	11669.759037786513	10601.616669168905	9455.057799929094	10636.602747118086	9370.733962716047	12331.481865534248	11024.899727435166	10310.431610752286	8806.485621404261	9142.439444699648	11370.47329709718	7339.77758518608	12977.238419633046	12139.356407981439	9683.354893837157	16242.482137899982	9823.956076856208	16403.70951949589	8757.460876304272	8690.7426610158	9893.134184877914	10115.054572269988	11052.991766938036	9112.421796646597	13270.645688887937	9934.985354795446	9732.132859758955	8082.032479518998
313	11618.40561350825	9896.761642072623	18147.41389289394	6740.495975816616	11304.65483772061	13336.626709929315	0.0	10861.635972541153	10018.275699939586	10744.423902657602	10342.647630080028	11834.19680417729	10402.445770106182	11459.300807640928	10078.050307475152	12728.622274229054	10900.482649864638	10527.94752076586	9007.822544877314	9820.823234332242	10626.05331249566	11072.356298457886	10489.776642045339	9385.205964708499	7057.45641148424	14441.63494899383	9830.68395382539	9906.299914700745	12494.605996188915	13297.322136430326	10408.760637078749	6592.460845541671	11857.480170761408	4977.851745482181	12527.376501087529	10082.959387005385	11893.626360366296	10052.032381563442	12339.23591637667	10996.280825806514	6853.48349381539	10058.369698912444	10145.380870130011	6472.961532405395	10395.114477484123	12223.918479767442	11662.163864394977	9941.15305183458	7131.215604649743	11775.548437334033	17405.961679838318	10730.156522623516	13449.628470705054	10155.39275459103	11445.181387815574	11262.920713562713	11001.344781434676	11395.18437762198	10180.58269452196	12634.626943443958	12365.765524220487
383	7466.890182666409	7117.413926420186	16161.255675225239	9599.659264786433	6940.099350873877	7395.189247071369	10861.635972541153	0.0	4170.502128041659	5401.184407146269	4251.758694940248	5683.618213778966	7582.967756755926	5612.691956628299	3609.231774214563	10147.027495774317	7500.143865286852	8392.802690400866	6767.941415231075	6153.402392172968	6780.112167213755	8922.084621880696	6799.187892682478	7110.493864704476	12077.399430340954	10772.836952260997	13580.379118419338	6530.242721369551	10251.0516045916	11236.743300440747	6968.667017443149	9082.948089689822	9090.997415025482	9235.295339078226	10124.792146014654	6984.297674068596	8053.073698905282	6473.221995266345	10761.898856614478	8678.521302618321	7389.1475827729955	6163.652407461018	5477.016614909982	8116.095058585748	4460.459057092667	10711.132666529717	9127.814305736067	5704.034186433318	14306.843047996297	7366.76801589408	15442.896295708264	7171.0107376854485	10723.245870537521	7134.864539709216	7783.1286125824745	7675.586296824497	7222.2792108862695	11013.309448117763	6611.801872409668	10768.025074265011	9404.269190107225
243	7371.019264660757	5977.725236241626	16049.357588389636	9117.261540616239	6353.783833276042	8457.085077022697	10018.275699939586	4170.502128041659	0.0	4341.987678471693	4683.128868609106	5859.978498254068	6480.27993222515	6084.887427060587	3454.562779860861	9241.17476298333	7058.6281953365415	7838.769737656541	6287.324311660725	5483.214476928656	6559.418952925633	7830.523864978639	5526.337847073774	5755.104429982135	11756.908990036454	11053.404271987883	13537.63653670758	5722.4484270284165	9575.48552293825	10599.02882343472	6244.016495814212	8149.014541648579	8423.585459885831	8482.813094722764	9101.587004473451	6035.485233185481	7836.718063066962	5567.038799936641	9134.546567837946	7513.179752940828	6262.47203586571	5364.961602844889	5256.545728898399	7431.136319567822	4422.174691257685	9656.24217799036	8498.679779824628	5247.941120096528	13888.370818782165	7052.650494672198	15000.879907525425	6373.915358710061	10134.410490995517	6163.395979490528	8023.490200654575	7469.335378733505	7249.31893352748	10188.960054882931	6008.102861968992	10139.61113652787	9210.168022354424
566	8631.428734572279	7185.102643664876	16418.253317573097	10176.437932793577	6009.0030787144715	7899.355986408006	10744.423902657602	5401.184407146269	4341.987678471693	0.0	5868.7687805876285	4720.786481085541	6910.65141647298	5399.7159184534885	6064.908325770472	8966.14354112179	8723.423811783994	9516.592142148365	8100.488256889211	7149.481939273643	8602.17635252847	8432.775403151682	5776.117987022079	6877.666028530318	12867.882110122086	11925.325865568622	14182.73118972506	7399.851822840779	9908.567101251321	11248.72592785512	7362.848293968849	9256.344472846718	8675.555717070809	9546.462748054904	10041.512983609591	6710.958128315211	9004.098566763916	6794.148217400029	8845.626150816006	7804.017747288893	7065.118894965604	5698.078448038426	6530.550819035099	8997.139211994	6276.394506402541	9201.183293468292	9384.664884800097	6747.548221391234	14612.89071333937	8705.440367953823	15417.990238678969	5614.901067694782	9941.783089566981	6686.723188528144	7626.768253985432	8591.385103695446	8404.644192349846	11070.907912181367	7873.228753186332	9968.46392379488	10112.054291784632
258	7106.104629119951	6196.284773959312	15513.479783723573	8921.457728420844	6382.96224334752	8153.18673893834	10342.647630080028	4251.758694940248	4683.128868609106	5868.7687805876285	0.0	6476.026868381569	6615.073544564716	6078.891757549232	3922.2462951732136	9270.254527250047	6896.926851866707	7573.839251000776	5626.645448222235	5117.7353389951695	6173.51463916625	7598.608425231557	6086.421444494294	6206.3213742119415	11647.868517458463	10710.082445994522	13329.370915388317	5349.076368869676	9557.026054165595	10475.95236720748	5512.472040745422	8221.195046950292	7900.69680471286	8581.698549821009	8965.992415789788	5834.50426343147	7534.353456004039	5262.01871908491	9802.412815220547	7550.076158556283	6336.6699456417955	5690.698639007341	4999.244242883118	7573.130858502314	4165.01200478462	9770.364527488215	8361.103874489301	5393.026608501019	14003.626744525862	7462.4208538516505	14837.190974035482	6131.8546134102035	10420.896218656051	5711.742816338985	7150.338943015219	7058.646683323936	6292.666287036044	9981.054904167195	5936.182611746374	9508.941160823322	8271.070970557561
574	9488.49076513225	9388.900734377801	16635.100210097924	11104.531957718884	6492.69766737987	7979.464518374651	11834.19680417729	5683.618213778966	5859.978498254068	4720.786481085541	6476.026868381569	0.0	8635.56286526825	6243.8636275946965	6275.238162811034	10475.925687021649	10085.086613410913	10858.821068605928	9516.702947975207	8978.818017979873	9866.052047298352	10054.722074726878	7367.707106013377	9027.922296962906	13867.453659558412	12227.177515682022	13433.83165742373	8965.611747114639	11279.182461508459	12235.433380146369	8457.35112195302	10761.009339276683	9708.27348193282	10552.372055609108	10449.104746340712	8821.187108320511	10335.329022338863	8111.901318433305	10719.554514997346	9355.121164367674	8816.6482293443	7682.010479034769	7184.62601671096	10002.728877661335	6625.423533631642	11192.353505853896	11049.929411539242	8326.506590401523	15510.417531452853	9508.568083575992	16080.04564670138	7860.671154551626	11470.590133031517	8103.812312732816	6515.286870123218	9811.509720731055	9466.044422038172	11579.071422182351	9468.878497477936	10925.029427877986	11230.36263884653
500	8014.963817759878	5472.993056820007	14817.516424826395	9219.517232480235	7063.651534440243	10709.511846951755	10402.445770106182	7582.967756755926	6480.27993222515	6910.65141647298	6615.073544564716	8635.56286526825	0.0	7559.901123692029	6577.7598010264865	8876.419717431121	7125.78009764545	7310.74353263743	6476.959085867379	5524.934841244736	6825.065787228721	7076.157149187686	5751.013302019045	5169.165599978395	11932.203778011839	12049.417662277294	14607.110152251198	5012.698674366932	8235.430832688719	10326.70383036136	5168.676619793504	8262.015250530587	8053.554246418162	9126.62686867388	9855.893566795454	5335.836766618709	8716.639145909392	5846.5183656600275	8823.32165343642	5159.214087436187	5266.360413036692	5719.168733303818	5501.427178469238	7283.027461159267	6434.839003425028	5940.654088566343	7280.35067836708	6006.312013207439	14019.46839220375	9132.204498367302	15346.218100887267	5221.57437943768	10316.260272017182	4965.760968874761	8275.659067409677	6800.74209186027	7680.781145170066	9968.497228770242	6490.720915275899	9205.865195623928	9180.544700615535
389	8621.40174217627	7661.708164632741	16093.163890298265	10273.936489973063	6513.373319563373	8107.22091718241	11459.300807640928	5612.691956628299	6084.887427060587	5399.7159184534885	6078.891757549232	6243.8636275946965	7559.901123692029	0.0	6259.795124442971	9666.158906204677	8747.892031798288	9427.221223669252	8125.891827978022	6973.487076061731	8404.673461830625	8363.38537913924	6830.760645784626	7688.2181290595545	12901.451468730176	11266.215025464408	14091.025583682687	7271.504177266214	10436.609794372884	11534.04261306503	6841.047361332912	9760.29113295295	8657.934337935349	9971.809815675388	10351.390099885135	7465.289612600438	9102.900361972552	7126.652369801687	9781.564701007708	8226.733920578688	7691.443752638383	5929.067717609574	6565.020030434028	9059.091565935296	6204.358145690818	9753.646805169848	9265.689342946913	7393.241846443278	14941.612262403278	8427.627780105147	14985.327991071801	6770.125700457857	10676.57712003243	7039.41141005411	8164.068103586594	8477.064232386116	8041.350259751157	11098.806512413847	7988.41279604403	10295.107430231119	9883.436143366334
497	6983.360723892186	5732.763993049077	15232.65928851558	8497.045604208559	6070.96129126187	8154.052979960334	10078.050307475152	3609.231774214563	3454.562779860861	6064.908325770472	3922.2462951732136	6275.238162811034	6577.7598010264865	6259.795124442971	0.0	9522.42726409606	6540.183024961916	7429.487129001571	5417.202876023751	4716.852870293921	5726.420435140962	7344.159311997528	5946.025226989876	5998.001417138879	11361.818824466442	9813.260212589901	12824.285438183291	4802.142230296808	9519.360325147903	10477.36188169522	5625.360432896722	7886.602310247424	7640.50443360908	8193.761041182492	8491.107819360204	5995.719139519462	7608.769020018941	4661.591251922459	9578.757696068942	7359.430412742551	6291.176519539092	5637.759750113515	4424.301639807123	6943.174706141276	3264.958345829239	9826.87605498309	8325.969733310349	4994.787282757896	13769.498465812036	6480.218900623651	14199.280967711005	6801.427717766322	10210.742676220962	5785.7623525340205	6850.083722116103	6822.073804936444	5894.483777227655	9355.751653394826	5309.661947807977	9711.601103834526	8406.133653469948
247	10538.69707316801	8679.061930877093	15803.304338017413	10826.073203151733	7327.546110397396	11673.656453742333	12728.622274229054	10147.027495774317	9241.17476298333	8966.14354112179	9270.254527250047	10475.925687021649	8876.419717431121	9666.158906204677	9522.42726409606	0.0	9873.534878654149	11110.036093550732	9768.29248128863	8417.388668702426	10382.849994100849	6453.882939750302	7348.538562190444	9243.640949322946	14311.766976862082	10374.305229749123	15297.588829616254	8688.271001758636	9937.492540877704	12216.72128682651	9452.923833396733	9759.72033410794	7124.869893548934	10950.194838449223	10423.00930633759	7046.382405177851	8997.196174364544	7326.560857592053	7422.309748319589	7543.041230167047	8443.951030175389	8525.244747219871	8618.101995219133	11432.077851379425	8540.13290294712	9397.854435986972	10685.536720258839	9292.741845117618	15998.323255891537	11313.770812598246	11977.507545395243	6601.0623387451815	10074.373876326012	7018.454317013113	11249.38087185246	9733.5510477934	8155.390242042376	10042.383382444628	9675.949410781352	9701.115657490122	9615.02314089779
181	7919.280459738751	6244.390202413683	15595.620763534871	8994.084500381348	8172.443392278713	10766.18075270892	10900.482649864638	7500.143865286852	7058.6281953365415	8723.423811783994	6896.926851866707	10085.086613410913	7125.78009764545	8747.892031798288	6540.183024961916	9873.534878654149	0.0	6698.3126979859635	5851.52672385592	4866.897266226194	3945.853139689819	7315.136362365366	7070.281323964415	6144.111734010052	11424.658550696384	11617.545093521265	14727.688515174403	5673.910644343987	7557.679074954162	9806.962220789881	6642.094850271261	8279.218803727801	8740.00377574289	9025.844558821074	10119.24799577518	6304.855589147146	8297.953603148188	6331.84467592186	10190.196514297455	6941.670836333282	6770.8362851275615	6914.498463373899	5367.037078314253	8012.424040201567	6635.189899317125	9599.26669074258	8361.028764452374	6371.868642713846	14167.608125579984	8868.948021045111	15282.895668033594	7720.406271693219	11132.790036644004	5999.515313756604	9570.272984612298	7442.755067849539	6953.912639658339	8616.39234250623	6105.623637270807	10142.605582393511	8773.555778588292
217	8631.78625778002	7259.931955603992	15815.585224707937	8721.45727502004	9090.560708779189	11101.108007762108	10527.94752076586	8392.802690400866	7838.769737656541	9516.592142148365	7573.839251000776	10858.821068605928	7310.74353263743	9427.221223669252	7429.487129001571	11110.036093550732	6698.3126979859635	0.0	6013.95892902504	6018.470735992658	5929.611285742093	8454.873210167021	8048.4750729563675	7017.9662296138185	10838.659142163297	12127.874710764454	14134.171429553273	6211.764564115418	10000.99425057329	11102.570648277811	7324.721223364068	8039.262093003313	9317.406881745586	8823.045449276571	10373.426290286156	7415.351306580154	9098.035777023522	7199.211901312532	10962.340352315285	8488.007363333281	6979.820699702823	7855.72759201845	7181.81885040273	7752.955694443249	7402.763943284967	10283.851126888214	9063.413540162448	7423.283437940384	13355.005990264475	9551.285777318151	15886.388041339038	8452.176051171675	11628.682169532367	7477.542978813294	10319.704550034367	8421.49012942484	7796.976337016806	10212.152466546902	7030.393658963913	10683.737782255796	9184.879095557002
327	7159.605436055816	5182.692736406433	14623.230012551947	6958.213923127112	7896.994364946704	9743.84128565321	9007.822544877314	6767.941415231075	6287.324311660725	8100.488256889211	5626.645448222235	9516.702947975207	6476.959085867379	8125.891827978022	5417.202876023751	9768.29248128863	5851.52672385592	6013.95892902504	0.0	3727.2595831253825	4819.690031526924	7178.986488356139	6697.7835886209405	5371.964445154119	9233.768136573497	10879.756752795533	12788.915825823547	4296.300850731941	9143.645771791469	9273.747408680054	5835.012167939327	6038.006873132888	7951.305490295289	7054.303580084997	8815.316840590587	4970.871050429693	7806.66388414411	4874.74532668118	9733.015565589116	7081.327347326912	4789.796968557227	5991.536697709528	5708.250695265582	6013.2861232440955	5202.3832999885735	9526.868005803377	7856.245477325667	5530.01600359348	12188.301399292684	8125.307132656587	15016.916361224097	6775.062508936726	10234.923106696991	5674.311500085275	8773.932755611933	7129.266722461714	5657.954223922283	9182.171202934522	4902.833160530756	8994.555519868672	6972.457099186771
288	6698.117795321309	4071.8133552509503	14805.66688805337	7782.778102965547	6456.459401250812	9704.244174586705	9820.823234332242	6153.402392172968	5483.214476928656	7149.481939273643	5117.7353389951695	8978.818017979873	5524.934841244736	6973.487076061731	4716.852870293921	8417.388668702426	4866.897266226194	6018.470735992658	3727.2595831253825	0.0	4000.4637231201086	5346.189951731981	5659.965812617599	4350.078619979184	10764.773755170148	10288.736414156989	13858.204501305356	3094.746031583206	8165.023086311514	9574.897022944946	5043.49888470296	6712.1542741507365	6909.495133510118	7920.167106822936	8681.93014254319	4008.606865233856	6604.596505464963	3929.5055668620703	8282.668289868912	5777.028561466526	4865.651960426269	4916.031936430031	4731.261776735673	6847.331743095262	4881.358007767921	8397.311355427997	6421.0487461161665	4512.214866337817	13437.002902433265	7676.986257640429	13953.432946769766	5960.262745886292	9780.65125643482	4243.597648222555	8129.814143017047	6193.975460074087	4918.079706552142	8627.995711635467	4123.678576222934	8666.920618074219	7376.297851903759
570	7197.079685539128	5747.8561220684705	15250.111934015435	8670.826085212411	8181.984355888247	10129.022608327024	10626.05331249566	6780.112167213755	6559.418952925633	8602.17635252847	6173.51463916625	9866.052047298352	6825.065787228721	8404.673461830625	5726.420435140962	10382.849994100849	3945.853139689819	5929.611285742093	4819.690031526924	4000.4637231201086	0.0	7650.151959275057	6968.375061662511	5881.975518480164	11180.608838520378	11411.234683416164	14282.192758816835	4808.99563318579	8392.831226707707	9935.362046749982	6422.803048513943	7686.198084879155	8620.910798749746	8573.7113900574	9653.287989073982	5865.01040067279	7712.665751865564	5804.66071359903	10394.165478767403	7306.812643006525	6265.169191649975	6514.973522586259	5698.508927781021	7468.633743865072	5854.836291477329	10047.185974191978	8023.899114520322	5828.694793862516	13834.583513788913	8239.228847410417	15449.236518352614	7554.151044293461	10802.80246047293	6038.878786662305	9193.623442364822	7249.867722931226	6224.131907342581	8931.306511367751	5233.28262183498	9668.187989483862	8077.855408460838
149	8950.918891376461	6459.027713208854	15422.040429203913	8726.443490907393	6054.54696901428	11750.786697068414	11072.356298457886	8922.084621880696	7830.523864978639	8432.775403151682	7598.608425231557	10054.722074726878	7076.157149187686	8363.38537913924	7344.159311997528	6453.882939750302	7315.136362365366	8454.873210167021	7178.986488356139	5346.189951731981	7650.151959275057	0.0	6825.047692141059	6748.559327738032	12261.191744687789	8974.451069564087	14840.91496505522	5275.006729853527	8495.572317389806	10564.909370174455	6804.055114415227	7663.1791053061	4777.213204369259	8893.117338706377	8527.681396487558	5920.195942703248	8549.137617327258	4535.526099583157	5918.833246510667	5293.33675482677	6685.995213878035	6951.0027334191145	6521.831567895632	8936.806084950036	7145.816328454013	7649.328663353405	8311.403371272507	7139.82618836061	14574.00562645699	9755.614742290718	10386.063354322465	6574.632689359916	11006.165999111588	5065.53985276989	9115.755755832864	7273.920057300603	5251.290222412013	6991.733189989446	7015.110547952897	8986.675247275825	9089.035647416067
507	8006.161564695032	5644.327683612992	14155.317269492762	8953.729055538815	5617.117855270619	8136.989369539572	10489.776642045339	6799.187892682478	5526.337847073774	5776.117987022079	6086.421444494294	7367.707106013377	5751.013302019045	6830.760645784626	5946.025226989876	7348.538562190444	7070.281323964415	8048.4750729563675	6697.7835886209405	5659.965812617599	6968.375061662511	6825.047692141059	0.0	5988.438444202295	12224.344931324542	10268.437758490822	13341.453706399465	6031.855601719922	8682.257482936106	10504.119001610748	6405.160731784957	8221.251729511754	7276.485415363656	8920.471400099885	8639.577651714231	4678.972109341966	7478.389666231628	4991.258057844735	7880.223791238419	6100.220159961442	5748.7189877397905	5005.923990633498	5436.4886645701745	8464.747899376567	5043.30655423602	8260.946253305368	8376.018266455727	5891.721649908454	14193.894532509392	8353.769747844382	14381.501103848652	4304.317948293318	7414.095224638	4962.400830243361	8209.993970765143	7589.691890979501	6743.136139809132	9978.874235102876	6633.192444064924	7553.988615294572	7121.989539447527
140	7736.222980240423	4365.905862475736	15877.326727128846	8601.337047227018	7750.067741639424	10702.0262100221	9385.205964708499	7110.493864704476	5755.104429982135	6877.666028530318	6206.3213742119415	9027.922296962906	5169.165599978395	7688.2181290595545	5998.001417138879	9243.640949322946	6144.111734010052	7017.9662296138185	5371.964445154119	4350.078619979184	5881.975518480164	6748.559327738032	5988.438444202295	0.0	10880.733431161707	11781.78725830678	14290.008327499323	4700.103083975925	8377.897946382493	10069.481863532006	5690.98067120246	7303.179376134753	8300.122107535528	8282.752380700513	9502.007103764972	4858.913561692572	8159.22416654917	5507.42389870255	8786.025381251753	6423.318379155746	4960.3829489264235	4829.334943861318	5421.291543534621	7110.008579460366	6364.681767378476	8146.732473820409	7328.916632081443	5041.978679050518	13192.75759649968	8548.851150885714	15384.165333224939	6182.784809452776	10161.03867722193	5289.7067026442965	8347.865954841393	7002.693481796844	7057.062561717871	9870.55530352776	5286.90240121756	9212.39290304099	8816.071347261204
443	12506.406118465848	11252.54140183452	18406.423335346823	6735.295613408516	12794.659901693361	14424.2940555162	7057.45641148424	12077.399430340954	11756.908990036454	12867.882110122086	11647.868517458463	13867.453659558412	11932.203778011839	12901.451468730176	11361.818824466442	14311.766976862082	11424.658550696384	10838.659142163297	9233.768136573497	10764.773755170148	11180.608838520378	12261.191744687789	12224.344931324542	10880.733431161707	0.0	15069.726308065452	10126.827341275253	10982.07189013075	13644.708644745771	11640.341876422703	11690.283529495766	7325.268254473688	13072.384365524142	6778.667936991751	13773.469824267231	11498.82954913238	12897.046057140371	11396.41654205391	13967.076143559896	12401.050640973934	8732.424806432633	11669.24959026929	11321.041736518773	7117.481998572248	11618.946595969877	13743.952852072798	12406.806075698934	11348.938584731173	6331.023219038136	12824.5216674931	18124.680107521897	12429.934030396138	14761.834879174066	11649.107648227824	13183.66504428871	12219.995171848474	11822.238451325537	12263.896199821655	11140.813569932852	13909.617212561961	13032.423335665551
131	11982.448873247906	11206.042878732886	13951.909009164301	11165.226195648702	8986.934905739554	10824.407512653983	14441.63494899383	10772.836952260997	11053.404271987883	11925.325865568622	10710.082445994522	12227.177515682022	12049.417662277294	11266.215025464408	9813.260212589901	10374.305229749123	11617.545093521265	12127.874710764454	10879.756752795533	10288.736414156989	11411.234683416164	8974.451069564087	10268.437758490822	11781.78725830678	15069.726308065452	0.0	15087.830891151982	9546.123296920065	11582.008590913754	14143.315523596297	11073.217779850625	11007.258968517093	6639.940361177953	12003.397519036016	7584.349148081198	10751.119662621191	11385.590805926586	8793.181392419925	9186.10869737562	9874.375119469585	11645.520598066882	10779.192409452575	10245.859407585096	12351.34199186469	8980.96125144742	12548.336981448976	12407.635229970294	11183.419691668556	17156.64343629021	11582.13447513022	8913.966008461104	10765.478112931167	11605.458198623612	10508.933437794722	12896.261667630662	10767.311038509104	7378.479179343125	10024.3206752378	10925.938403633803	11285.565648207448	9790.487577235364
170	14729.683228094214	14536.9870330822	17668.09921864828	9056.925692529447	13112.9772363106	13124.550620878415	9830.68395382539	13580.379118419338	13537.63653670758	14182.73118972506	13329.370915388317	13433.83165742373	14607.110152251198	14091.025583682687	12824.285438183291	15297.588829616254	14727.688515174403	14134.171429553273	12788.915825823547	13858.204501305356	14282.192758816835	14840.91496505522	13341.453706399465	14290.008327499323	10126.827341275253	15087.830891151982	0.0	13960.157413152618	16276.39315081815	16464.498322147567	14046.352943024036	10380.40206350409	14018.219109430413	9212.035008617802	14148.405387180565	13978.57986349114	14050.734535959322	13385.512690965557	15857.983415302211	14628.076189301175	11604.804651522576	14066.23375321198	13398.408935392292	10385.979587886739	12679.772868628208	16298.377649324488	15800.592678757339	14337.638334119047	9351.114853320967	14483.111475094018	18817.480357369845	14134.878421832995	13960.863118016736	13708.875701530013	13175.386521844435	14922.118415292112	13455.209846003889	13901.273826523957	14236.38630411524	13753.711317313593	13562.342939182743
292	7077.384898392908	4487.851044765189	14861.68984335227	7942.838409535976	6609.79008743848	10072.397728445794	9906.299914700745	6530.242721369551	5722.4484270284165	7399.851822840779	5349.076368869676	8965.611747114639	5012.698674366932	7271.504177266214	4802.142230296808	8688.271001758636	5673.910644343987	6211.764564115418	4296.300850731941	3094.746031583206	4808.99563318579	5275.006729853527	6031.855601719922	4700.103083975925	10982.07189013075	9546.123296920065	13960.157413152618	0.0	7629.685380145108	9719.944135641932	4523.528711083859	6724.7963537939195	6005.404232855603	7909.745634342485	7547.44128827777	4591.105095725865	7533.426312110579	3558.887045130823	7977.42696613388	5262.100531156736	4908.725292782231	5263.255171469458	4722.133733811443	6373.035305095995	4765.165789350881	7675.430606812884	6614.264736159265	4977.171887729014	13560.110102797838	7938.762057147197	13409.609986871355	5594.445906432557	10390.773888406966	4259.882157994514	8063.32071791765	6206.868050796634	4762.337766265639	8305.362665170016	4548.765107147214	8790.764358120401	7624.697961230989
592	10049.615913058567	8503.735061724348	16117.662051302603	10895.293249839584	9331.604042178385	12794.589911364881	12494.605996188915	10251.0516045916	9575.48552293825	9908.567101251321	9557.026054165595	11279.182461508459	8235.430832688719	10436.609794372884	9519.360325147903	9937.492540877704	7557.679074954162	10000.99425057329	9143.645771791469	8165.023086311514	8392.831226707707	8495.572317389806	8682.257482936106	8377.897946382493	13644.708644745771	11582.008590913754	16276.39315081815	7629.685380145108	0.0	11637.954588328656	8330.745884973327	10246.031182853192	9218.981668275515	11013.465530885362	9631.750775430186	8269.516491307095	10416.150488544221	8562.406320655427	9190.89440696606	6775.659156126436	8785.881116882927	8656.675689893898	8598.202021353069	10717.25795154712	9445.285914147862	10151.529933955768	8914.116277006937	9016.811576161497	15604.533732220261	11325.446922748788	15674.593551349266	8358.365151152468	12213.91407371118	7709.612376767071	11186.457884424362	9453.205488087096	9586.31785410853	9732.355624410773	9224.148795417384	11255.69691311915	11095.801818706028
222	10736.61450365058	10146.468991723179	17697.907418675237	11724.30518197134	10943.61114989015	13554.345354903719	13297.322136430326	11236.743300440747	10599.02882343472	11248.72592785512	10475.95236720748	12235.433380146369	10326.70383036136	11534.04261306503	10477.36188169522	12216.72128682651	9806.962220789881	11102.570648277811	9273.747408680054	9574.897022944946	9935.362046749982	10564.909370174455	10504.119001610748	10069.481863532006	11640.341876422703	14143.315523596297	16464.498322147567	9719.944135641932	11637.954588328656	0.0	10231.681484487288	11306.210240394435	11207.07472983026	11863.32676781686	12034.424290343099	10035.590864518143	11525.437084987276	9768.0910622291	12022.785575730775	10349.189050355588	10010.677199870146	10416.84131586922	9802.34701487353	11294.019257996686	10237.698716020119	12116.024636818795	11686.185690806047	10491.762483014949	16301.125850688964	12326.174629624553	16985.758858526162	10569.632869688521	13481.747809538643	9458.385380179854	11716.235359534223	10863.10549520716	10403.5125318327	11601.425214170886	10437.21035526256	12173.24574630776	11854.760942338737
519	7563.563908634606	5869.897869639642	15367.100995308127	9001.713947910142	7022.7254680786145	10406.765972193283	10408.760637078749	6968.667017443149	6244.016495814212	7362.848293968849	5512.472040745422	8457.35112195302	5168.676619793504	6841.047361332912	5625.360432896722	9452.923833396733	6642.094850271261	7324.721223364068	5835.012167939327	5043.49888470296	6422.803048513943	6804.055114415227	6405.160731784957	5690.98067120246	11690.283529495766	11073.217779850625	14046.352943024036	4523.528711083859	8330.745884973327	10231.681484487288	0.0	8121.7783766857365	7641.735404998003	8824.97399429596	8906.049180192078	6001.101398910037	8176.487265323661	5428.741198473178	9152.444318322838	6058.658432359428	5831.650195270632	6234.678419934744	5261.181901436216	7186.006749231454	5680.315924312661	7717.95173605018	7484.5583704050305	5987.5883292023345	13846.351577220621	8316.684495638872	14700.459788727698	6367.398291296061	10768.819619624057	5256.8625624035485	7804.622796778843	7235.954740046403	6840.10489685648	9463.716024902691	6168.334297036761	9379.896374694126	8993.48503084316
656	9266.650149865376	7351.413129460213	14929.635661997918	4421.16839760713	8691.21389680406	11365.417018306016	6592.460845541671	9082.948089689822	8149.014541648579	9256.344472846718	8221.195046950292	10761.009339276683	8262.015250530587	9760.29113295295	7886.602310247424	9759.72033410794	8279.218803727801	8039.262093003313	6038.006873132888	6712.1542741507365	7686.198084879155	7663.1791053061	8221.251729511754	7303.179376134753	7325.268254473688	11007.258968517093	10380.40206350409	6724.7963537939195	10246.031182853192	11306.210240394435	8121.7783766857365	0.0	8038.414769094713	4062.4152914245487	9159.913209195816	6909.7463050389915	9108.847676846946	6598.398517822336	9146.762323357922	7907.716484548495	4897.987341755795	7733.898822715487	7717.7154002982	4975.017688410766	7554.718988817519	10023.058764668598	9685.78463522703	7959.688059214381	8670.386842580901	9994.063788069396	13935.649392834193	8147.870457978575	11222.366328007654	7193.847093176223	10473.501277032432	8664.431256579972	7114.826842587246	8178.56595009174	7447.429757976909	9958.558028148453	8910.090291349465
148	9646.587946004536	7954.183490465882	13783.81946341434	8888.888681944441	5312.294137187812	10137.577225353205	11857.480170761408	9090.997415025482	8423.585459885831	8675.555717070809	7900.69680471286	9708.27348193282	8053.554246418162	8657.934337935349	7640.50443360908	7124.869893548934	8740.00377574289	9317.406881745586	7951.305490295289	6909.495133510118	8620.910798749746	4777.213204369259	7276.485415363656	8300.122107535528	13072.384365524142	6639.940361177953	14018.219109430413	6005.404232855603	9218.981668275515	11207.07472983026	7641.735404998003	8038.414769094713	0.0	9394.986854700755	6354.484558168349	7146.067030192202	9028.833036444965	5064.682517196908	5965.854088058139	5827.1207298287545	7810.245450688473	7701.334624595921	7293.161934305312	9333.09160996505	6698.2081932409355	8128.322028561614	9579.63558805866	8637.811875700929	15247.578037183479	10070.211964005524	9114.630656258101	6731.379576283008	10191.83496726669	6072.7390854539435	9315.967421583226	8062.5063720905055	4581.710924971151	6885.135655889432	8254.990975161632	8337.724149910453	8139.035507970217
296	9869.892349970187	8505.50509963988	16374.293725226746	4648.1604963684285	9178.717938797336	11669.759037786513	4977.851745482181	9235.295339078226	8482.813094722764	9546.462748054904	8581.698549821009	10552.372055609108	9126.62686867388	9971.809815675388	8193.761041182492	10950.194838449223	9025.844558821074	8823.045449276571	7054.303580084997	7920.167106822936	8573.7113900574	8893.117338706377	8920.471400099885	8282.752380700513	6778.667936991751	12003.397519036016	9212.035008617802	7909.745634342485	11013.465530885362	11863.32676781686	8824.97399429596	4062.4152914245487	9394.986854700755	0.0	10223.086618042518	8441.34432421756	10164.73777330237	7676.9864530296	10552.850941807148	9121.341567993164	5380.227318617681	8725.309679317977	8422.486390609367	5065.78414463151	8214.003591428482	11100.960363860417	10499.302929242493	8583.905288387099	7648.662497456663	10308.119178589273	15023.895633290322	9103.06997666172	12244.608772843663	8252.228911027614	10347.857700992994	9549.773138666698	8233.483649100179	8776.299504916637	8610.811111620089	11055.64389802783	10278.945325275352
353	10582.973258966498	9108.775823347503	13840.895382886181	9970.94298449249	8315.101502687745	10601.616669168905	12527.376501087529	10124.792146014654	9101.587004473451	10041.512983609591	8965.992415789788	10449.104746340712	9855.893566795454	10351.390099885135	8491.107819360204	10423.00930633759	10119.24799577518	10373.426290286156	8815.316840590587	8681.93014254319	9653.287989073982	8527.681396487558	8639.577651714231	9502.007103764972	13773.469824267231	7584.349148081198	14148.405387180565	7547.44128827777	9631.750775430186	12034.424290343099	8906.049180192078	9159.913209195816	6354.484558168349	10223.086618042518	0.0	8861.792143804772	10428.173282027874	6932.626270036486	8089.086907680001	8270.652090373527	9274.623226848626	8960.12717543674	8797.526754719192	10156.857338763797	7564.4736102388515	11486.062118933538	10552.12253530066	10002.393013674278	15842.966199547356	10462.737452502572	12621.505853106435	8929.570706366572	11140.880665369323	8331.39916220559	10482.916340408332	10001.06859290546	6875.356354400839	9036.45345254431	9341.440360030138	9707.430762050275	8589.434614687978
188	7325.912980646167	4052.757703095511	14358.29401426228	8480.220398079286	6915.961321465006	9455.057799929094	10082.959387005385	6984.297674068596	6035.485233185481	6710.958128315211	5834.50426343147	8821.187108320511	5335.836766618709	7465.289612600438	5995.719139519462	7046.382405177851	6304.855589147146	7415.351306580154	4970.871050429693	4008.606865233856	5865.01040067279	5920.195942703248	4678.972109341966	4858.913561692572	11498.82954913238	10751.119662621191	13978.57986349114	4591.105095725865	8269.516491307095	10035.590864518143	6001.101398910037	6909.7463050389915	7146.067030192202	8441.34432421756	8861.792143804772	0.0	6679.279901306727	4098.4381171368195	8081.714731416842	5768.256409002637	4707.778881808278	4562.686818093041	5338.920958395994	7842.4456007039025	5147.28617817195	8166.856371946307	7467.510160689439	5210.853864771108	13742.839808423876	8397.131474497704	14486.746839784286	4279.209623283253	8622.08408680871	4230.970574229984	8441.796550498004	7025.131244325617	5704.385768862411	9715.925329066707	5176.481816832741	7723.630234546446	6378.740863211171
