	515	455	596	280	556	273	313	383	243	566	258	574	500	389	497	247	181	217	327	288	570	149	507	140	443	131	170	292	592	222	519	656	148	296	353	188	429	539	158	605	479	454	226	516	252	400	499	187	622	198	424	612	118	534	314	482	281	260	138	459	609
515	0.0	0.642636772354795	0.7842782488765727	0.6276615869358266	0.627276679791021	0.6123189619192999	0.6926760478409725	0.6845006498927455	0.6993128796266901	0.6376549958893776	0.5679871799296602	0.6474366795668631	0.5264090337108418	0.5538022147462854	0.6958105271900279	0.6840450327303882	0.544725389840208	0.584966843224757	0.6183884366804866	0.57591990165983	0.49569584559929114	0.5381363910455947	0.6235199442853183	0.5268069721930038	0.6052122939113984	0.6851487218425532	0.7585496431657707	0.5685593697980155	0.4865961138013296	0.5881824273692249	0.5235553815581278	0.6560006482346268	0.6484377316748032	0.6500846798057079	0.6872618048285988	0.6627258173924839	0.6065566943332736	0.684769635310044	0.5743124906048891	0.5193465652762687	0.6021097512306401	0.655083155066311	0.5620398150244506	0.6144446341702665	0.6001459453000221	0.58132262601522	0.48147129566881175	0.6969440275685483	0.6162655149679429	0.7650481971402587	0.683912332464548	0.6375616442464034	0.7555591950985282	0.5923978890087558	0.7023397696073927	0.5514617258030952	0.6541058582671249	0.5465078887126633	0.6962020309559984	0.6477495524231965	0.6780018846258811
455	0.642636772354795	0.0	0.648999278201989	0.6168637757158337	0.4740962116074563	0.5783306107632271	0.5552729432715939	0.5467177238727929	0.5425933648900094	0.48293079302848274	0.5427739306343069	0.5032489647765582	0.5784542630611568	0.527345965276492	0.5536877188336992	0.49921749757752976	0.6874919846977834	0.6132227683924497	0.6800716915793545	0.6184746891424091	0.6776911813181092	0.6060581551073958	0.5170215827026841	0.6068464527560722	0.608447795689242	0.5705330643632568	0.6555976577960931	0.6693508111810073	0.5876198775595183	0.5822280980985292	0.6212319394971441	0.5182644471224942	0.51299108645397	0.5124547072720442	0.5660107425781027	0.5361438796101111	0.5858750101140574	0.5250274033022471	0.5086674403237122	0.6663203765183183	0.5015588306854701	0.5163927487819526	0.5681323142431416	0.543341226015725	0.4495463764319011	0.46211753278290435	0.6061697001914752	0.5842483564403497	0.5084300072152612	0.6599861134334815	0.5482544785852657	0.5160302216149695	0.6145085899633709	0.5035246315087349	0.5519801995449147	0.5704180964382212	0.5431978873461807	0.5890474146748439	0.5668374118977604	0.5306384182733117	0.5759682020619403
596	0.7842782488765727	0.648999278201989	0.0	0.7117460162791236	0.6878773501008815	0.6639285548405076	0.7456435029367121	0.6646835621224727	0.614151317587303	0.6726000526229037	0.7467989960847644	0.651628475239223	0.7363731392131388	0.7224177764605269	0.6360925809154219	0.6246879641231308	0.8061671398693647	0.7642153861594821	0.8166995257819015	0.7616268942692911	0.7946675653577217	0.7638248080646965	0.6637067882324843	0.7811186212342927	0.7656536449908337	0.6516163046890591	0.6409975727000141	0.766360389028379	0.7595905159255114	0.7603422201213904	0.7991984260889162	0.6888083675094845	0.6985945828305	0.6587148391148652	0.5879813501597534	0.6200686174480801	0.6482982275343281	0.6445909059980077	0.698905578021696	0.8000718990590967	0.7129023331661184	0.6291955496407677	0.74905433146643	0.7096113836201006	0.6775518956807425	0.7043025536855767	0.760245441511464	0.6645713137896017	0.7196182342309131	0.6962645727056085	0.6626877467541483	0.6975363373848122	0.5870740882228589	0.7155832540841827	0.6892474436006214	0.7240584814198899	0.6657271091259946	0.7446215091057339	0.6327772731475689	0.6586726031170476	0.6715859099915893
280	0.6276615869358266	0.6168637757158337	0.7117460162791236	0.0	0.5830922675944821	0.6353236889178073	0.655212460049502	0.6837725731474451	0.6775069400038518	0.6322854644689141	0.615234567909732	0.6001067288022737	0.587653842491128	0.6231669725299301	0.652631164263574	0.6526845338938484	0.6039674309342478	0.5369734731978943	0.5638292684895896	0.5287610276446966	0.5894833214180077	0.5401564855839687	0.6066259295497894	0.5721077581008747	0.5179365028615277	0.6769827507706258	0.6639226523030335	0.626119247221202	0.571420564599791	0.5611977095893799	0.6001648906725933	0.5524692995870154	0.567963886666983	0.5813153362501821	0.6641649600545481	0.6400530714952422	0.6267232264318179	0.6431084459638274	0.6206854514745892	0.5604420319158864	0.5866632017553838	0.6800585350539784	0.5716820174933926	0.608713285601496	0.5955814552051055	0.5922118582460246	0.6258975688659199	0.6812395396969695	0.5378715942079029	0.7034073061838759	0.6380830949071845	0.6247193350671756	0.7279030236333837	0.5475886292781593	0.6720554433520263	0.6224597000647019	0.6467667375633617	0.5681965395088632	0.6892654496967054	0.6254921829925401	0.6731668933595254
556	0.627276679791021	0.4740962116074563	0.6878773501008815	0.5830922675944821	0.0	0.5922998295140915	0.5758822472089633	0.6013752277672617	0.5757654858891066	0.5081534395114902	0.556839057170476	0.5221551245990214	0.5700649017552468	0.5519798404002138	0.5554376666792507	0.5009175687561125	0.6465055772888479	0.5590709549740958	0.64358797809092	0.5587631272383036	0.6333894644680054	0.5486121591695831	0.5049373012431337	0.5785642076831805	0.583106018156043	0.5972999714188678	0.6644911765477095	0.5964447004516127	0.5371669747036786	0.502236733319333	0.6065767568979127	0.49592038838149666	0.45562937971722517	0.517992320434202	0.587373206758971	0.5691964567169403	0.5693198273884386	0.5257811078238173	0.4785361421838623	0.6263312999318438	0.4444749472493551	0.5806683523970197	0.5479160594954144	0.5314422263382956	0.47155732576604215	0.49330509509387277	0.603235423875347	0.6263989668714631	0.48942903039660623	0.6699346314395036	0.49963830349102023	0.46953380359561336	0.6716147134236938	0.4678500616967537	0.6050916502435829	0.5517760249896762	0.5469385996482139	0.5300203944716768	0.6433936709807127	0.5538983714161154	0.62656453555354
273	0.6123189619192999	0.5783306107632271	0.6639285548405076	0.6353236889178073	0.5922998295140915	0.0	0.6592391562424904	0.6092891888508742	0.5825368569702847	0.6026428105246704	0.604788046115655	0.605393838875976	0.6069160830350442	0.5710345500283698	0.560350431226085	0.5777186163620974	0.7114601890614584	0.6498248545215481	0.7144937256336105	0.6498502453170412	0.639989065087547	0.6386984600099355	0.5720836080543266	0.6371654161535301	0.6526090734289645	0.579816089673542	0.6473228339802112	0.6914022120621535	0.629969937428593	0.6482003018160384	0.6631432246390171	0.5677192215730671	0.5721626478129878	0.569529199857145	0.5731538542499564	0.5440850254610669	0.5389814118752162	0.6093436288160292	0.5532444756225886	0.6909823324290114	0.5836797318410256	0.5465447111635651	0.6194087713865637	0.5823473058238982	0.5656866765984918	0.5619390671001607	0.6184563129237223	0.5968445008490624	0.5997888143537187	0.6372491013197252	0.6191835914558461	0.5688834838921959	0.640541749616589	0.5989452878087601	0.6407213195277248	0.5912887898342787	0.5459945430374266	0.6558115310115638	0.6000506387266187	0.5185419368467998	0.5616478279045991
313	0.6926760478409725	0.5552729432715939	0.7456435029367121	0.655212460049502	0.5758822472089633	0.6592391562424904	0.0	0.6641443415585391	0.6081460642279505	0.566787303027309	0.580515329235638	0.5856464320672669	0.6537394241665857	0.6103444293739767	0.648482659578906	0.6268346310588355	0.7152955426356589	0.6736713522506552	0.6881959886548699	0.6407890390435954	0.7168177890639962	0.6524900843015738	0.6020750666655268	0.6268649667438324	0.608124431427367	0.6909270880500608	0.6886107340940699	0.6935926166534185	0.6311981997786323	0.6435876377426992	0.6516943779448721	0.5805564401423702	0.6118183295693539	0.5954156799727193	0.6325233056706654	0.6466776686866675	0.6765742035828979	0.6284952571195226	0.6146095411672128	0.6967017544828042	0.5580370997428152	0.6182077819535163	0.638190647458939	0.5653784757257593	0.5875356527897706	0.5810891545740879	0.6886486899276254	0.5889969394030018	0.5171652366639442	0.696099139877995	0.605129635645848	0.5971571705441625	0.6890085105137808	0.6058829243392733	0.5561472206150937	0.6443009949657041	0.6351787648250209	0.6377688352051087	0.6287850089372702	0.6396401443981945	0.6105385598225694
383	0.6845006498927455	0.5467177238727929	0.6646835621224727	0.6837725731474451	0.6013752277672617	0.6092891888508742	0.6641443415585391	0.0	0.5569353456072605	0.5465922960225393	0.6070471140460452	0.566348228080065	0.664061935044771	0.6037380537639471	0.5450822633873726	0.5272284814407711	0.7172202338795068	0.6800598909483473	0.742729249331884	0.6637141656578684	0.7187754881430226	0.6560157772686181	0.5511812512245621	0.6836677136948747	0.6708001030019352	0.5958423168813006	0.6610714641478783	0.7214201074610397	0.645382887861691	0.6356003830784583	0.6857822704235741	0.5790053876845371	0.6270860431491211	0.5850064913498989	0.5852159732469265	0.5566007843952985	0.5756293850598431	0.6082491007902544	0.607510423298897	0.7235997161086619	0.5688937547675288	0.5924399800136855	0.646665894632037	0.5781744459218097	0.5636346315564446	0.570942614786331	0.6777816696456627	0.6343714767654767	0.5885352668621497	0.6192135864783384	0.6183199709298144	0.5932845175483956	0.6284276159532586	0.6001618043433012	0.6394459517786049	0.6066906497621226	0.5444174757281554	0.6603088707449292	0.6351269176749219	0.5806755544834752	0.6515709730702977
243	0.6993128796266901	0.5425933648900094	0.614151317587303	0.6775069400038518	0.5757654858891066	0.5825368569702847	0.6081460642279505	0.5569353456072605	0.0	0.5031102420472433	0.6406975383991692	0.5890363847414446	0.6630019876641873	0.6264437644516638	0.5597505102145994	0.48925885971399363	0.7336396457849934	0.6837131609994276	0.742218859844457	0.6765809976081811	0.7366365429036952	0.6810575028038197	0.5675113785347495	0.6853079113250753	0.6740686099872664	0.606076946723247	0.5889399684787766	0.6981381204389272	0.6525985269314349	0.6630171892037011	0.7095749333610353	0.5677345905414561	0.6022515184754671	0.5690687318192127	0.5365444974724674	0.5573893697683634	0.5595254409636271	0.6006130641149863	0.5973910973200687	0.7372100605560524	0.6015171770428582	0.5497004869821985	0.6538157661077639	0.5755177426528819	0.5461987503491028	0.5618055473651142	0.693903905949497	0.5660340450133448	0.5872462052390857	0.6101648819545374	0.5849530241108092	0.5923441538746606	0.5562012232858325	0.609839454884781	0.5817987539206799	0.6452807380457624	0.5799997314994747	0.658717726241842	0.5478095798562419	0.5589405159705028	0.6047241300744569
566	0.6376549958893776	0.48293079302848274	0.6726000526229037	0.6322854644689141	0.5081534395114902	0.6026428105246704	0.566787303027309	0.5465922960225393	0.5031102420472433	0.0	0.4236673264528389	0.5073979891240561	0.5979634008897446	0.5098765364912128	0.5479154857343375	0.5414591290855372	0.6568299170815779	0.6495091233331483	0.6894145771468878	0.6144804910888078	0.6644458829192186	0.6161102205731894	0.5174403477582985	0.6041952393117587	0.6112763539016093	0.5725508389074037	0.6706669962701941	0.6414317325265426	0.5755270524665961	0.5547067567910959	0.6039793039509396	0.5623269293950155	0.5603798678281429	0.5579802953258793	0.6006840953221355	0.540263544688846	0.5528620161089566	0.5208649291924488	0.5225425496577212	0.6580723502667913	0.5364510497103201	0.5099952749226782	0.5601109238674689	0.5382505089446405	0.47166494633533784	0.4906249096872112	0.6108973756733058	0.5889199523311692	0.529889938181979	0.6350220167052953	0.5992556292125251	0.5436453276843134	0.6219113695308184	0.5200102211091315	0.5378285098574	0.5739898562826571	0.5380697207168176	0.5710059937764969	0.5729347429898846	0.524309489284017	0.5953718357255753
258	0.5679871799296602	0.5427739306343069	0.7467989960847644	0.615234567909732	0.556839057170476	0.604788046115655	0.580515329235638	0.6070471140460452	0.6406975383991692	0.4236673264528389	0.0	0.5627053236228992	0.5458461655283797	0.5033275118062777	0.6162249899723532	0.6231236675255156	0.632155585741173	0.6272529298580076	0.6516038424879926	0.5855092672011367	0.5983810690178608	0.58615068072644	0.5587785704820487	0.5773715781774462	0.5735856781016369	0.6379433644925157	0.7343835305018453	0.6258982518866636	0.5362975487725592	0.5544866028733395	0.5592369223418724	0.5879533119276762	0.5598935970107735	0.5878951966400168	0.631977663718	0.5967944526391022	0.5924175541705277	0.601707612785741	0.5302023385496825	0.6312881012204608	0.5448248764675485	0.593839032588559	0.5339808690054515	0.5502073527717353	0.5249119277488548	0.5109077473597445	0.5786905683633428	0.6135454549799044	0.5424847489172018	0.6891927949142564	0.6366041926900444	0.5765910081000989	0.7216913676258193	0.5429372479969132	0.5916137076244952	0.55484889728504	0.5741529696315372	0.5432481901002137	0.6363884680509758	0.5549980474969165	0.5906668649372069
574	0.6474366795668631	0.5032489647765582	0.651628475239223	0.6001067288022737	0.5221551245990214	0.605393838875976	0.5856464320672669	0.566348228080065	0.5890363847414446	0.5073979891240561	0.5627053236228992	0.0	0.6072252696510767	0.5687639868971774	0.5679786829801344	0.5529735085505765	0.687598253184003	0.633330066240311	0.6835118802214082	0.6317042422043098	0.6902333438519781	0.6245630149246717	0.5534228460524768	0.6120181193204703	0.6130702097094299	0.6032005199289246	0.6834859603703256	0.68432655061444	0.5988541345770682	0.6148111438802972	0.6403326661029829	0.5686795724076197	0.5687196505387135	0.5637757171744974	0.6097366131157086	0.5807674962076176	0.6191795032706524	0.5667315531595649	0.5818111495023464	0.6769709068907489	0.5702847359642921	0.5931265722848946	0.6139357246243773	0.5270758934289406	0.5159449323908587	0.5202625228410009	0.6320808072990046	0.57758493078724	0.5405475919909426	0.6501711008073661	0.5777386434251468	0.5358943988009466	0.6719725129623542	0.5657387814508668	0.5874314545697723	0.6033431951322281	0.5972754768249557	0.6047034618053063	0.6238595319689952	0.5856455309959537	0.6476226666527855
500	0.5264090337108418	0.5784542630611568	0.7363731392131388	0.587653842491128	0.5700649017552468	0.6069160830350442	0.6537394241665857	0.664061935044771	0.6630019876641873	0.5979634008897446	0.5458461655283797	0.6072252696510767	0.0	0.4728918627939743	0.6689119887957531	0.6484808675287566	0.5973340091734751	0.5528770716205874	0.6224867134423515	0.5632312052790645	0.5340328254447649	0.5464255236041895	0.5817531163122966	0.466349155486839	0.5505304465404438	0.671464293449369	0.758935980279975	0.5749858431122806	0.4666419605020886	0.5289195656203898	0.4934136582760841	0.6122686749146034	0.5852284377432957	0.615546026466009	0.6595849267987931	0.6216024299815001	0.592232207702305	0.6346030937209881	0.5141434133487732	0.555845682531757	0.5525641424922001	0.5971007545167548	0.5153479211570531	0.565093626868321	0.5754925209126651	0.5380166537076824	0.4716906826782432	0.6531242197154787	0.5424867972906935	0.7493094385682464	0.6626958645032782	0.5946221081548084	0.7396766939679382	0.5229983361459449	0.6464611147819661	0.5059146022252511	0.6452896169413356	0.5856321192999348	0.6879937466429831	0.6118500442568675	0.6424336323945417
389	0.5538022147462854	0.527345965276492	0.7224177764605269	0.6231669725299301	0.5519798404002138	0.5710345500283698	0.6103444293739767	0.6037380537639471	0.6264437644516638	0.5098765364912128	0.5033275118062777	0.5687639868971774	0.4728918627939743	0.0	0.6329678085002743	0.6120044386725898	0.6189050153927833	0.5707617056840342	0.6191748361510206	0.5859951416321212	0.5735524753027094	0.5449284980680982	0.5551509065896394	0.5000779190964122	0.5439407713930426	0.614918995096982	0.7490574465474428	0.5827593943504916	0.473146571485376	0.5398571063831226	0.5065153671077458	0.6146893523429886	0.5912249767494708	0.6106524923271208	0.6525572415479172	0.5993667504065958	0.5493558145217692	0.6168676726562465	0.5132255610416312	0.5977224116430679	0.5341964134705489	0.5406006679317459	0.5010552029591419	0.5179675649382414	0.5310234362963672	0.511646880289447	0.4715560687272896	0.6003982878430141	0.554096243647835	0.735634548034539	0.6550753016516384	0.5588780095982219	0.7026765124725087	0.5229628367007373	0.5945569610351005	0.5021421539420886	0.6015730332097105	0.5665810583426165	0.6580924342309915	0.5787123640540166	0.6142647477541543
497	0.6958105271900279	0.5536877188336992	0.6360925809154219	0.652631164263574	0.5554376666792507	0.560350431226085	0.648482659578906	0.5450822633873726	0.5597505102145994	0.5479154857343375	0.6162249899723532	0.5679786829801344	0.6689119887957531	0.6329678085002743	0.0	0.5145339488630771	0.7154434581773288	0.6876227174920855	0.7432181207055534	0.671155819991858	0.7184917968176598	0.6610572073772548	0.5486370679461214	0.692490912280065	0.6866225285933194	0.5958660099535942	0.6406546173285637	0.710016771294351	0.6747237888565814	0.648322396321154	0.6890216407200151	0.5570026065342422	0.5715670268617432	0.5563199777974777	0.5522936474388497	0.5640236415425846	0.5873863226788478	0.5481238139933481	0.5711123924467345	0.7292279502303107	0.5869125314124153	0.5723486551591686	0.6319062024929487	0.5986404886378882	0.5771738160395687	0.5747940110084164	0.6728716660380696	0.6057869274474681	0.5438980440825647	0.5704269917760743	0.5833231749103585	0.5702731260780398	0.627546614503647	0.5874141872852565	0.595945661909982	0.6260974187319588	0.5715933605072938	0.6568434079746297	0.5777777075877839	0.5853401670996279	0.609856174197687
247	0.6840450327303882	0.49921749757752976	0.6246879641231308	0.6526845338938484	0.5009175687561125	0.5777186163620974	0.6268346310588355	0.5272284814407711	0.48925885971399363	0.5414591290855372	0.6231236675255156	0.5529735085505765	0.6484808675287566	0.6120044386725898	0.5145339488630771	0.0	0.7101476197331678	0.6499520277704491	0.7196772616316014	0.6256781414665613	0.714025293069836	0.6356818704364694	0.5180872212333758	0.6729515659428377	0.6654769186390878	0.530913333858279	0.6096616838499671	0.6946609545430504	0.6312020395942177	0.6004920749469499	0.6962643386573106	0.5200072706499442	0.5161817587446877	0.5014246894962228	0.4968425043935527	0.5000759876172709	0.537017072820807	0.5007452199463441	0.5511530700854961	0.6950703160441555	0.548368031877198	0.5750921421200059	0.6429175166691466	0.5587861534735248	0.5149883219025084	0.5452124233523986	0.6701541965855147	0.5781875097824385	0.5728530329456516	0.60294679319564	0.5090462111859351	0.5003572569001892	0.5779185251573637	0.5595347798874208	0.6131411121455366	0.6101459350077372	0.4973703379270932	0.6152595707074089	0.5848917633231043	0.5325584035112374	0.6040630676917995
181	0.544725389840208	0.6874919846977834	0.8061671398693647	0.6039674309342478	0.6465055772888479	0.7114601890614584	0.7152955426356589	0.7172202338795068	0.7336396457849934	0.6568299170815779	0.632155585741173	0.687598253184003	0.5973340091734751	0.6189050153927833	0.7154434581773288	0.7101476197331678	0.0	0.5341132474942953	0.5850860975753565	0.5487697084466571	0.5213620328150933	0.5212114063323983	0.6446039085538309	0.5410670046960055	0.5712846762600288	0.7388608892991348	0.797707228053097	0.5852515121380484	0.5033006765234581	0.5499765756916539	0.5338015671529055	0.6726824195692287	0.6643504443766997	0.7030585328156307	0.7357943618987319	0.7139845042090915	0.6716930564317476	0.7104158364044476	0.6418335674888989	0.49377171337728176	0.6465405849473725	0.7178470163780177	0.5358291143837053	0.6470598476544382	0.6655570605620602	0.614167406976691	0.590280604055178	0.7283109125221836	0.6108247114753469	0.7682649899317344	0.7132612094195466	0.6833307633305383	0.7866776902491747	0.6145898024268426	0.734532674782969	0.618087579658656	0.7072486638133213	0.5700948886301573	0.7410024020649502	0.6828545768086911	0.7015244672369354
217	0.584966843224757	0.6132227683924497	0.7642153861594821	0.5369734731978943	0.5590709549740958	0.6498248545215481	0.6736713522506552	0.6800598909483473	0.6837131609994276	0.6495091233331483	0.6272529298580076	0.633330066240311	0.5528770716205874	0.5707617056840342	0.6876227174920855	0.6499520277704491	0.5341132474942953	0.0	0.5410454458928426	0.5441596824983754	0.526490253975135	0.49283421365730196	0.6020447406960163	0.511383486291032	0.47941618248911877	0.6791673287780073	0.7577149262016891	0.6039496822258732	0.49777132563024895	0.5197079402877198	0.572227722473625	0.5971861069456263	0.601550708838287	0.6308125396100164	0.7015166015778862	0.6615786776464121	0.6465643574976789	0.6700450674737437	0.6082151072673241	0.55382181447134	0.5643860436645582	0.6578994753119015	0.5412432309080455	0.5581851024988178	0.5805832903130197	0.5694477688493759	0.5768171873197261	0.6968753638173641	0.5392397773825351	0.748749573902483	0.6837518437990084	0.6279878486716872	0.7696629144067095	0.5254802036824011	0.7007935550399804	0.58519247884971	0.6789405869608592	0.5737287244452364	0.7305245550906152	0.6568273500149634	0.6884192040126627
327	0.6183884366804866	0.6800716915793545	0.8166995257819015	0.5638292684895896	0.64358797809092	0.7144937256336105	0.6881959886548699	0.742729249331884	0.742218859844457	0.6894145771468878	0.6516038424879926	0.6835118802214082	0.6224867134423515	0.6191748361510206	0.7432181207055534	0.7196772616316014	0.5850860975753565	0.5410454458928426	0.0	0.49244423297296425	0.5829086635207268	0.5240464456394518	0.675368621654308	0.5858432768821851	0.48998648084896057	0.7316841734151358	0.7809840336841128	0.6516218735484194	0.5586454121926003	0.5891133281498786	0.5583474805367583	0.6269605785393798	0.6776893164142448	0.6881652122627484	0.7579996950518465	0.7213712792121679	0.7023855649504703	0.718284483802524	0.6723174796851075	0.5522400683140865	0.6403642301722874	0.7310554852278635	0.6134561877854534	0.6213137028204785	0.6574468280588972	0.6541949200372323	0.6525246863595386	0.7381827117847729	0.6168042762656702	0.7864087032585031	0.730183152404855	0.6728062007622841	0.8006053506807106	0.6168887863052746	0.7288752475735643	0.6750025608160992	0.7087125590729659	0.5612851900815963	0.7661267501127162	0.6972525755722767	0.723163598041574
288	0.57591990165983	0.6184746891424091	0.7616268942692911	0.5287610276446966	0.5587631272383036	0.6498502453170412	0.6407890390435954	0.6637141656578684	0.6765809976081811	0.6144804910888078	0.5855092672011367	0.6317042422043098	0.5632312052790645	0.5859951416321212	0.671155819991858	0.6256781414665613	0.5487697084466571	0.5441596824983754	0.49244423297296425	0.0	0.545646536135279	0.4217594142232721	0.5944930066244154	0.5716356706769075	0.508019279914599	0.6780972677396362	0.7414764543993781	0.582698163461468	0.46076115602299494	0.4859638516398511	0.5004510345708058	0.5711514167314595	0.5887012043352431	0.6147285998717589	0.6713771437612295	0.6395281966370283	0.6387153797168402	0.6377900230656126	0.5830425174207463	0.5224739129440992	0.5582753744999392	0.6736384084464817	0.5428183219975866	0.5877239860336865	0.5953916065403211	0.5613137671942969	0.5952205991374353	0.6911221674938197	0.5159527639773889	0.728243443624359	0.6433060110519724	0.6089548565099301	0.7383366229240016	0.551778882396894	0.6743639895263891	0.588765683016004	0.628783454034918	0.5175571880564485	0.6958762130244931	0.6349357973288351	0.6667560041708098
570	0.49569584559929114	0.6776911813181092	0.7946675653577217	0.5894833214180077	0.6333894644680054	0.639989065087547	0.7168177890639962	0.7187754881430226	0.7366365429036952	0.6644458829192186	0.5983810690178608	0.6902333438519781	0.5340328254447649	0.5735524753027094	0.7184917968176598	0.714025293069836	0.5213620328150933	0.526490253975135	0.5829086635207268	0.545646536135279	0.0	0.5107057160405526	0.6213674588777416	0.5505983937211315	0.5667598730307711	0.7180225304821832	0.7871760971512429	0.562703379659425	0.4817358564515474	0.5252728170645853	0.5052544560224098	0.646453118514986	0.6469252852659555	0.6709386921062388	0.7116474006200125	0.6896125938346661	0.6525512038138603	0.6981006415276187	0.5933476059855936	0.4859300586591838	0.6196924882148058	0.6913132236441195	0.5583341100969796	0.633824285981095	0.6494215071678573	0.623973051477132	0.5304814268567482	0.7009893967709625	0.6275787255410272	0.7642309041552191	0.6993684180489128	0.6583151542976118	0.7856576598833687	0.5946805799187393	0.7081276837745366	0.5895655034033034	0.6932345756316196	0.5630907681945272	0.7366202823912675	0.6539192441235758	0.6751792487709756
149	0.5381363910455947	0.6060581551073958	0.7638248080646965	0.5401564855839687	0.5486121591695831	0.6386984600099355	0.6524900843015738	0.6560157772686181	0.6810575028038197	0.6161102205731894	0.58615068072644	0.6245630149246717	0.5464255236041895	0.5449284980680982	0.6610572073772548	0.6356818704364694	0.5212114063323983	0.49283421365730196	0.5240464456394518	0.4217594142232721	0.5107057160405526	0.0	0.5758574483952036	0.5125785236195657	0.5112630390071263	0.679253370890265	0.7508813311625879	0.5286348867328623	0.4170919833219098	0.4889357622570637	0.4870200896125575	0.5661085716372158	0.5887794858485995	0.6272601659258916	0.6806456865269862	0.6425554366647221	0.6239613947385645	0.6295452877494627	0.5714780568294267	0.5013842824555883	0.5610216464839051	0.6626286900655212	0.5191043977751353	0.5686765999486906	0.5828044662759716	0.5353162439285308	0.5659860624491841	0.6773113906712025	0.49474258669870763	0.7280799820686134	0.6230367537123862	0.5955791008011115	0.7463373134249857	0.5008184636848199	0.6631036716517019	0.584219807545953	0.6360570109219064	0.4827556720669146	0.6989647151748597	0.6364581821602571	0.6483668484151563
507	0.6235199442853183	0.5170215827026841	0.6637067882324843	0.6066259295497894	0.5049373012431337	0.5720836080543266	0.6020750666655268	0.5511812512245621	0.5675113785347495	0.5174403477582985	0.5587785704820487	0.5534228460524768	0.5817531163122966	0.5551509065896394	0.5486370679461214	0.5180872212333758	0.6446039085538309	0.6020447406960163	0.675368621654308	0.5944930066244154	0.6213674588777416	0.5758574483952036	0.0	0.5947700038803321	0.5972097234335354	0.5887784047364559	0.6972123236879559	0.6087179493281392	0.5456289193423467	0.5386431002558802	0.6034720427488525	0.5381955112968199	0.5208796702807874	0.5499540667036507	0.5429217782586299	0.5434846251431682	0.5429167005387511	0.5217141176188327	0.46375545087457015	0.6329063430935524	0.5167384065621701	0.5335215412749506	0.5475081019005645	0.5591473184402243	0.5058650688425296	0.5065288856359553	0.5852596799720349	0.6257034287777596	0.5367471560712627	0.67825446362204	0.5367428673667405	0.5256398654916623	0.6456758073340996	0.479918878894652	0.6069629577756889	0.5835127183263171	0.5308582479036488	0.555672173020691	0.6307328177869163	0.5257280420863375	0.589513607946469
140	0.5268069721930038	0.6068464527560722	0.7811186212342927	0.5721077581008747	0.5785642076831805	0.6371654161535301	0.6268649667438324	0.6836677136948747	0.6853079113250753	0.6041952393117587	0.5773715781774462	0.6120181193204703	0.466349155486839	0.5000779190964122	0.692490912280065	0.6729515659428377	0.5410670046960055	0.511383486291032	0.5858432768821851	0.5716356706769075	0.5505983937211315	0.5125785236195657	0.5947700038803321	0.0	0.48660638714593185	0.7056433174288963	0.7623858984049757	0.5684362020340141	0.4715285480358635	0.5292167521541429	0.48012052383251524	0.6195381038451734	0.6234230320345492	0.6432475672914781	0.7103902186431243	0.6712939517122631	0.6206227451595462	0.6758174697766887	0.5885115994631362	0.5099208616399005	0.5511193789788678	0.6277265189679426	0.47799889089560177	0.549264026463262	0.5899048829328403	0.5674489684193198	0.48438503752142537	0.6583341275025494	0.5175007061822692	0.7519601214430134	0.6854285048135014	0.6125130125143529	0.7628389212728195	0.5371912453742304	0.6772822265783207	0.5478705056445551	0.674173189891566	0.5674124433384635	0.727805294581023	0.6599519860006327	0.6795934068441918
443	0.6052122939113984	0.608447795689242	0.7656536449908337	0.5179365028615277	0.583106018156043	0.6526090734289645	0.608124431427367	0.6708001030019352	0.6740686099872664	0.6112763539016093	0.5735856781016369	0.6130702097094299	0.5505304465404438	0.5439407713930426	0.6866225285933194	0.6654769186390878	0.5712846762600288	0.47941618248911877	0.48998648084896057	0.508019279914599	0.5667598730307711	0.5112630390071263	0.5972097234335354	0.48660638714593185	0.0	0.6935186837622735	0.7508720159493697	0.6290924068173256	0.50904909344622	0.5262869412989413	0.5398549322296242	0.5822482304720413	0.6464841118502914	0.6327370026004775	0.7094176930465446	0.6637086424259371	0.6504131259349915	0.6754717795681807	0.608579863749773	0.5665650727641097	0.5697036601297203	0.6687870207778459	0.5220753540733806	0.5145935902556806	0.6012214620673011	0.5565402222553828	0.5858605011378579	0.6685415741455267	0.5216348681943956	0.7416525256484341	0.6883099082446653	0.6256845783013816	0.7533351921333242	0.55751435197191	0.6707150588443628	0.5935031094852776	0.6557851815448901	0.5355817779277485	0.7027438304797005	0.647331491391228	0.662403926020926
131	0.6851487218425532	0.5705330643632568	0.6516163046890591	0.6769827507706258	0.5972999714188678	0.579816089673542	0.6909270880500608	0.5958423168813006	0.606076946723247	0.5725508389074037	0.6379433644925157	0.6032005199289246	0.671464293449369	0.614918995096982	0.5958660099535942	0.530913333858279	0.7388608892991348	0.6791673287780073	0.7316841734151358	0.6780972677396362	0.7180225304821832	0.679253370890265	0.5887784047364559	0.7056433174288963	0.6935186837622735	0.0	0.6741493432148897	0.7140693752477897	0.6526206342887695	0.6508721302478734	0.6951885830258874	0.6108944721554049	0.5790507335531477	0.592480160713888	0.5928903618121695	0.5350101199861339	0.5527239778004305	0.5435252474801465	0.5685234456337569	0.7346083869625885	0.5999744795198146	0.5754576051744426	0.6505160684863668	0.6306747699079631	0.5417058538231201	0.5696349369514737	0.6770742668419145	0.6675930197873154	0.6429318330693943	0.7012225038109983	0.6179539965549476	0.59921061576819	0.6256273836638659	0.6253280889491895	0.6376573202706788	0.6263164925372452	0.549138309096195	0.6495535581832408	0.6282389633302305	0.5230681950117686	0.636806860075465
170	0.7585496431657707	0.6555976577960931	0.6409975727000141	0.6639226523030335	0.6644911765477095	0.6473228339802112	0.6886107340940699	0.6610714641478783	0.5889399684787766	0.6706669962701941	0.7343835305018453	0.6834859603703256	0.758935980279975	0.7490574465474428	0.6406546173285637	0.6096616838499671	0.797707228053097	0.7577149262016891	0.7809840336841128	0.7414764543993781	0.7871760971512429	0.7508813311625879	0.6972123236879559	0.7623858984049757	0.7508720159493697	0.6741493432148897	0.0	0.7773799576571341	0.7655106403943707	0.736906114569216	0.7981022278462152	0.6194633869022033	0.6705286064930793	0.5746005977282223	0.6204197710339815	0.6403749463356361	0.6535249064505823	0.6647020239359189	0.6985264131909747	0.7849411077281598	0.6716556697614438	0.6833014327598607	0.747756432705716	0.6731709370896566	0.6385379728822718	0.7016409115201288	0.7822195675903527	0.7101473379753966	0.6771881525215989	0.6121748971980356	0.6228620712696531	0.6910480376671781	0.5991430517441261	0.6771280582380266	0.6868983251408112	0.7411586697828618	0.6526663374208537	0.7279117235707233	0.6326457423253411	0.6495477331743404	0.6809702529647031
292	0.5685593697980155	0.6693508111810073	0.766360389028379	0.626119247221202	0.5964447004516127	0.6914022120621535	0.6935926166534185	0.7214201074610397	0.6981381204389272	0.6414317325265426	0.6258982518866636	0.68432655061444	0.5749858431122806	0.5827593943504916	0.710016771294351	0.6946609545430504	0.5852515121380484	0.6039496822258732	0.6516218735484194	0.582698163461468	0.562703379659425	0.5286348867328623	0.6087179493281392	0.5684362020340141	0.6290924068173256	0.7140693752477897	0.7773799576571341	0.0	0.47950209275326894	0.5705474156253397	0.521417023352546	0.6475463606289104	0.629829428433888	0.6750317872285554	0.6769319358257322	0.6953932772405709	0.6398589304836917	0.6557512637033551	0.5894458334511716	0.5698572332749502	0.6149034090420488	0.6589054721577228	0.560313585157293	0.6611156296701743	0.639137878120912	0.611555472575541	0.5473479358440032	0.7131540925888971	0.6228099262360582	0.80204026823623	0.6487932463842317	0.633519870656589	0.7686715335388308	0.5742287610683322	0.6746601881459062	0.5906231870380766	0.6847304569316359	0.5535899009251208	0.7134807469935478	0.6564751780765421	0.6894831793266912
592	0.4865961138013296	0.5876198775595183	0.7595905159255114	0.571420564599791	0.5371669747036786	0.629969937428593	0.6311981997786323	0.645382887861691	0.6525985269314349	0.5755270524665961	0.5362975487725592	0.5988541345770682	0.4666419605020886	0.473146571485376	0.6747237888565814	0.6312020395942177	0.5033006765234581	0.49777132563024895	0.5586454121926003	0.46076115602299494	0.4817358564515474	0.4170919833219098	0.5456289193423467	0.4715285480358635	0.50904909344622	0.6526206342887695	0.7655106403943707	0.47950209275326894	0.0	0.47395839885141033	0.43097843709167494	0.5901956924732898	0.5621188101483752	0.6225462306422895	0.6667977515384673	0.6254123801901341	0.5794806683564285	0.617490568348183	0.5247673890463103	0.4856988435595957	0.5451562475880636	0.6168346012966142	0.4645777467348515	0.5680919252063095	0.5502291352269137	0.4941891453191334	0.48175366038125156	0.651325041610475	0.5271643409933491	0.7525505384058798	0.6321434530376846	0.5762281593271599	0.7454913161609917	0.4723189596079854	0.640558486709838	0.5247984951212505	0.6200234644485503	0.47469359048078974	0.6906137569491124	0.5943136396720115	0.6422069186229131
222	0.5881824273692249	0.5822280980985292	0.7603422201213904	0.5611977095893799	0.502236733319333	0.6482003018160384	0.6435876377426992	0.6356003830784583	0.6630171892037011	0.5547067567910959	0.5544866028733395	0.6148111438802972	0.5289195656203898	0.5398571063831226	0.648322396321154	0.6004920749469499	0.5499765756916539	0.5197079402877198	0.5891133281498786	0.4859638516398511	0.5252728170645853	0.4889357622570637	0.5386431002558802	0.5292167521541429	0.5262869412989413	0.6508721302478734	0.736906114569216	0.5705474156253397	0.47395839885141033	0.0	0.5480007290494925	0.5558404459153458	0.5471289497104765	0.5958055230699381	0.65134724665149	0.6237123537572506	0.5944345833948335	0.5940660339571575	0.5159937389984879	0.5357457119846382	0.5138519830725322	0.6307670752617212	0.5019147923690299	0.5770529855925431	0.5472739422037798	0.5497225215614988	0.5618925690691526	0.6805102458898651	0.5031559658426775	0.7220903354163302	0.6027097689650686	0.5636647907162211	0.7236781422423372	0.48106897901667056	0.6284740248503098	0.5514427652511602	0.6126437047951501	0.5351187369439963	0.6823497151467337	0.603144842845103	0.6421170388189781
519	0.5235553815581278	0.6212319394971441	0.7991984260889162	0.6001648906725933	0.6065767568979127	0.6631432246390171	0.6516943779448721	0.6857822704235741	0.7095749333610353	0.6039793039509396	0.5592369223418724	0.6403326661029829	0.4934136582760841	0.5065153671077458	0.6890216407200151	0.6962643386573106	0.5338015671529055	0.572227722473625	0.5583474805367583	0.5004510345708058	0.5052544560224098	0.4870200896125575	0.6034720427488525	0.48012052383251524	0.5398549322296242	0.6951885830258874	0.7981022278462152	0.521417023352546	0.43097843709167494	0.5480007290494925	0.0	0.6259072927783972	0.6299369684885292	0.6622673922879603	0.701794621718608	0.6846017230088699	0.6418158300564878	0.6739759550098992	0.5849617960508753	0.47843496526373985	0.5825012758941074	0.6397717301195909	0.4822866332855139	0.5896890802742462	0.5904412266435117	0.5629048261365297	0.5003377547872387	0.6621233105080329	0.5699549995262291	0.7813584529576104	0.7004705660749888	0.6289992955941475	0.7920884330278303	0.561587620492872	0.654603376489363	0.5416652373546025	0.6762270139822714	0.5358975050592061	0.7129899611562327	0.6469357206957271	0.6710781965142216
656	0.6560006482346268	0.5182644471224942	0.6888083675094845	0.5524692995870154	0.49592038838149666	0.5677192215730671	0.5805564401423702	0.5790053876845371	0.5677345905414561	0.5623269293950155	0.5879533119276762	0.5686795724076197	0.6122686749146034	0.6146893523429886	0.5570026065342422	0.5200072706499442	0.6726824195692287	0.5971861069456263	0.6269605785393798	0.5711514167314595	0.646453118514986	0.5661085716372158	0.5381955112968199	0.6195381038451734	0.5822482304720413	0.6108944721554049	0.6194633869022033	0.6475463606289104	0.5901956924732898	0.5558404459153458	0.6259072927783972	0.0	0.5065133318245237	0.47525547151166614	0.5847297866779044	0.5677996671081178	0.5844770180931942	0.5350080297880084	0.5376191461005725	0.6407400316456793	0.4876627916670715	0.6103444745944251	0.6019155636816458	0.5130713720320685	0.5186399222176084	0.5262427196433268	0.6436840331198022	0.6247209582028128	0.48223000489199774	0.6296981803500338	0.522713785574141	0.5431432065442463	0.6638093790411234	0.5270161956066826	0.6103368974144571	0.5842384855592064	0.5460778605053195	0.5404551896012508	0.624827697405028	0.5386055125109381	0.5896378368725019
148	0.6484377316748032	0.51299108645397	0.6985945828305	0.567963886666983	0.45562937971722517	0.5721626478129878	0.6118183295693539	0.6270860431491211	0.6022515184754671	0.5603798678281429	0.5598935970107735	0.5687196505387135	0.5852284377432957	0.5912249767494708	0.5715670268617432	0.5161817587446877	0.6643504443766997	0.601550708838287	0.6776893164142448	0.5887012043352431	0.6469252852659555	0.5887794858485995	0.5208796702807874	0.6234230320345492	0.6464841118502914	0.5790507335531477	0.6705286064930793	0.629829428433888	0.5621188101483752	0.5471289497104765	0.6299369684885292	0.5065133318245237	0.0	0.5364076396995553	0.577098610850538	0.5661597337557747	0.5706097395059394	0.515184694406561	0.5117964541325	0.6451639727769023	0.48897807528275583	0.5966754558808767	0.5917638280959342	0.5860599461084234	0.47180707792684007	0.5051004591936665	0.613832169249765	0.6280350092098146	0.5285528579960617	0.6653847482287722	0.5033644647397757	0.500854989226369	0.6592588564293169	0.5072012236959826	0.6062219890571499	0.5814865843724005	0.5532704031387858	0.5606328523356947	0.655210858424573	0.5160707189291205	0.6129046404337648
296	0.6500846798057079	0.5124547072720442	0.6587148391148652	0.5813153362501821	0.517992320434202	0.569529199857145	0.5954156799727193	0.5850064913498989	0.5690687318192127	0.5579802953258793	0.5878951966400168	0.5637757171744974	0.615546026466009	0.6106524923271208	0.5563199777974777	0.5014246894962228	0.7030585328156307	0.6308125396100164	0.6881652122627484	0.6147285998717589	0.6709386921062388	0.6272601659258916	0.5499540667036507	0.6432475672914781	0.6327370026004775	0.592480160713888	0.5746005977282223	0.6750317872285554	0.6225462306422895	0.5958055230699381	0.6622673922879603	0.47525547151166614	0.5364076396995553	0.0	0.546316809936842	0.48558271738522907	0.5685329989384436	0.5288192843783328	0.5408433409372859	0.6875988557854988	0.4959287307469753	0.6150290805190801	0.6326876800035401	0.5506481843263588	0.48762344498075816	0.5594367401677339	0.63279539617355	0.6155740083787151	0.5170497033233385	0.5912736528671598	0.5322512603743909	0.5454234439767671	0.6521977362738587	0.5429391325899796	0.5829320320669222	0.6112430072554307	0.5089051408222864	0.5911975342217387	0.6015624541541232	0.5345725582247	0.5699356695130935
