	515	455	596	280	556	273	313	383	243	566	258	574	500	389	497	247	181	217	327	288	570	149	507	140	443	131	170	292	592	222	519	656	148	296	353	188	429	539	158	605	479	454	226	516	252	400	499	187	622	198	424	612	118	534	314	482	281	260	138	459	609
515	0.0	0.34231477275455136	0.347263220463385	0.3885196627659069	0.2527688074218314	0.4508835939241222	0.6508346862915209	0.5539341372818325	0.42215284396159314	0.43869484706256123	0.36104527249999435	0.4285518072085107	0.2933573309329971	0.3357549644405508	0.4268161488878097	0.30253957824713534	0.35436086791642085	0.24275395447913128	0.27199166698973165	0.22977936668664214	0.2916531603797832	0.28024004042828304	0.27705003194269584	0.2930136813968648	0.5876284552648516	0.3118592786068876	0.42266537376094426	0.3362415532143992	0.27868651201444566	0.32439824726015326	0.23514850065582632	0.3465118781398167	0.2906903695840676	0.38012489955324524	0.2858332910329002	0.2842702683669722	0.2837396482214505	0.3256147904576345	0.29221983267829194	0.26414390776226204	0.29116050281169253	0.44190389256935714	0.2685026089731395	0.4612307512586019	0.26838691218705246	0.3302917700453476	0.27893953361323837	0.4786547477753703	0.6698654294634859	0.6738482648826334	0.3429587824301735	0.2765820161151428	0.32296804944368274	0.27332059664545666	0.46166002097656755	0.24581191985724957	0.29778385979577154	0.325811814407556	0.4264721513812296	0.2975145707778849	0.30275275876399105
455	0.34231477275455136	0.0	0.3425042794852945	0.3421112835866015	0.24115626554595992	0.39155473278103514	0.515625183870038	0.5058350882315851	0.23429775695186594	0.21935831275122952	0.30884190839033754	0.2510212606053004	0.27249383513114794	0.2462699716028744	0.2803780389547276	0.3343032272264161	0.49009171303199994	0.41757120315264934	0.3505023301992076	0.3430016938977882	0.49968633475311947	0.3212566110792881	0.22013863766860234	0.29304769993539503	0.5704681638213243	0.3705153618397131	0.3512649212113702	0.3340552069734033	0.37521303453115606	0.2931419322871244	0.18640749135643248	0.3059434675219391	0.31190173047714476	0.3211453605682509	0.28739292401082306	0.2865183366603229	0.3494305599522512	0.3103055248284532	0.28013090749297126	0.3127497745173574	0.2068685864199513	0.2552157322195287	0.17178592456891784	0.273091590205626	0.1957247690665359	0.3091796963008214	0.353499191410244	0.3559367080809781	0.5831262647889175	0.5800728546691529	0.42333605898148435	0.20398810637057568	0.2006556580663671	0.28722220157977096	0.2481875367087118	0.29779518352089174	0.3907236206960377	0.3752310479172766	0.29931000433554933	0.20392816249534662	0.3747005407924607
596	0.347263220463385	0.3425042794852945	0.0	0.4189418662606989	0.20844881531240578	0.5218993155577131	0.6864314722294163	0.6774498603570591	0.43866156244460053	0.4448406169014647	0.4856682466390966	0.46289414406851986	0.25045948653583244	0.43397370314786016	0.45501115518742385	0.21372805877315387	0.4161030092913985	0.3341974604566381	0.37195490989469604	0.2513904338670589	0.39453617098316085	0.19433506272752757	0.21176605687663705	0.33396345099553776	0.7088506106397867	0.28389649006115814	0.4324984519023843	0.17740818743789008	0.32035464515059797	0.4105150799351834	0.32331243292788525	0.35724199331980616	0.1703502340414452	0.4232484494278259	0.1689293288111545	0.20697719634251804	0.32851336166903633	0.15220555801627428	0.1770773640110771	0.2363278946911846	0.29681099691372503	0.4579120840524046	0.33800359700385474	0.47015319235662534	0.30507155751279036	0.27908578000113493	0.28424998775091803	0.5601275419635721	0.7459814721294832	0.7688319864466412	0.22691929006642736	0.21558445414025706	0.2749387500709992	0.20360745330494462	0.4715205890494013	0.3669652155512336	0.23715832011966206	0.2788037118587394	0.5136445692349316	0.23494548340180288	0.24363161874865868
280	0.3885196627659069	0.3421112835866015	0.4189418662606989	0.0	0.30330526214215386	0.4161335401136724	0.46729387630303676	0.5182413469747444	0.35579314661519634	0.39899906739752716	0.3200399007533691	0.3878608068554481	0.4501037054786878	0.3286223072676745	0.3322433413696268	0.3528807236196383	0.4747358842189888	0.38312272719038953	0.27292841302063037	0.31286871680195705	0.46023546618754224	0.3467193830355341	0.3051692625816723	0.45884938435430955	0.4218528440861081	0.3745778317936308	0.1759663781813431	0.44486483646323616	0.4373045832275463	0.21446636192838026	0.3226850344984199	0.15838377151782607	0.360686091387709	0.15571895766663607	0.3891732458984926	0.3962687986437986	0.3476529205819372	0.4115276519938603	0.4012452783720455	0.3970866288679318	0.2916716274495283	0.39180387488063867	0.2985342929518621	0.29674739369356884	0.2492522392865379	0.4545810938846501	0.481636613738862	0.4177591081142857	0.4714603922769641	0.6312885865125644	0.43000788158830855	0.33887168327663325	0.2764920489763016	0.3758845170912104	0.44707496247402645	0.3061893031171202	0.3755780716819464	0.38437107431182993	0.3670279885460911	0.32025270137992895	0.426415936508756
556	0.2527688074218314	0.24115626554595992	0.20844881531240578	0.30330526214215386	0.0	0.4455220135798176	0.5802580458755391	0.551959985252209	0.3361648539634522	0.3434781702260057	0.3637482105843398	0.34905920487330094	0.24821318402789838	0.3167431358317683	0.33401867627404824	0.1554315065549836	0.39474088114185873	0.31670023242066825	0.28668960917955055	0.1988201887186859	0.3855808830379931	0.14266679481809152	0.10777893233593966	0.2698957724243488	0.6014651916240976	0.2182716907182202	0.33785244845546447	0.2116466859990025	0.2742034530745874	0.27924939722911857	0.19155130018205152	0.24844559199105323	0.1316290813940047	0.3120031988322987	0.15935262843057918	0.17008998981551976	0.230798026848275	0.17266370832909228	0.14009332340539987	0.21072490145245998	0.17613792303027356	0.35546095886123824	0.17955855646624738	0.3716336696012128	0.1881189614665979	0.25105588486489583	0.27952729315347535	0.45167171233277104	0.6336005989618055	0.677512556365345	0.2675406561957049	0.12323105982212436	0.2008381234960957	0.1556160541872869	0.3749285242186462	0.23844346423841237	0.20488055049314755	0.18742040297993312	0.4073674048153667	0.14173338959753304	0.2612979788657507
273	0.4508835939241222	0.39155473278103514	0.5218993155577131	0.4161335401136724	0.4455220135798176	0.0	0.4452869481401408	0.2442254267410276	0.2652365706887682	0.25615629329705597	0.2000718095302469	0.2398483217805058	0.5620481632185876	0.2765136615119755	0.19183880638917772	0.4954320234881643	0.6095895204622133	0.5025033402375325	0.44174318850399164	0.5053518171088336	0.5426284139370349	0.5279782171234638	0.4194006823862178	0.5712354341250974	0.42059468581925025	0.41315491583986447	0.3194719787838476	0.5590716896083334	0.5863337474998924	0.48222516152234407	0.422104475223685	0.42874348318735495	0.49241809100451045	0.3470169240345297	0.4742071872598134	0.5064629404984637	0.38877822584781924	0.5221796935321421	0.5351655891327629	0.5751320638021927	0.4671443803603851	0.26571462334943474	0.4085839117987847	0.41861541015418147	0.31813719565312903	0.5916311910611141	0.5931603834609412	0.19901946187939779	0.4575219208317555	0.3275095643977755	0.523436289988898	0.4098869341217579	0.3149157710691186	0.5296567187776713	0.3891057661573264	0.4293539594433536	0.47783121201298595	0.5703509979850048	0.16069700910041934	0.367567861551224	0.4222770619403189
313	0.6508346862915209	0.515625183870038	0.6864314722294163	0.46729387630303676	0.5802580458755391	0.4452869481401408	0.0	0.4239716721243616	0.3773369175850346	0.36614107462435574	0.43111223373840896	0.3500081852943877	0.6328510246730068	0.43786650616668654	0.3774392891867636	0.6698258064762377	0.7745505154898792	0.6738600715346039	0.580048536986595	0.6609435591948296	0.7834837502264433	0.6431839282022285	0.5599779243613343	0.5780764177256121	0.16104061528655106	0.7024303394620239	0.3817832748998516	0.6651778944669687	0.7126871988078609	0.4928244774573676	0.513141083918337	0.4788780504653069	0.6390959005207186	0.3955710783727171	0.6196891749322835	0.6273185847018122	0.6618713644950418	0.6443042105821041	0.6416994314709341	0.6664773276333742	0.49206083349288876	0.36572301368733134	0.5084522729869594	0.3268989955236399	0.5425660856920776	0.65601958568546	0.6578726735810247	0.34379198025766255	0.1401818039082069	0.4580045449522609	0.739360919272569	0.5496859807552088	0.5063665651559104	0.641861526790425	0.46460912569136725	0.6031328761680634	0.7070653741147478	0.6726867245732778	0.40379181726661495	0.5354066822114789	0.6960593675312086
383	0.5539341372818325	0.5058350882315851	0.6774498603570591	0.5182413469747444	0.551959985252209	0.2442254267410276	0.4239716721243616	0.0	0.3574088856835127	0.35355039248091213	0.2989092171412347	0.31229742103174546	0.6577911799718561	0.3602758119615695	0.2966210151674117	0.5701740281418098	0.6685794694887573	0.5812099314128844	0.5915683348198357	0.5960463754153379	0.6190859728289497	0.6330135804623747	0.5394759543284058	0.6418549518431803	0.4036425621259752	0.5282669359297381	0.4720577244034316	0.71001688208063	0.6341514221141794	0.5263331818058326	0.5029219720148237	0.5585091895683023	0.6176707357976652	0.4889372550268364	0.6393857367300579	0.5870533394605675	0.4697749809004434	0.6636208683391303	0.6569369633164381	0.6367108728931076	0.5872359703991289	0.3500559893466959	0.46809143727136177	0.5064086214891277	0.4607033872498736	0.6762286395721674	0.6729323470668095	0.2716906549521889	0.3977516526292872	0.24673389214278474	0.6654916166591119	0.5668727612677278	0.46221276296676583	0.6153463891950102	0.4925265098802314	0.5076433967636659	0.5705324719910847	0.6499337691559763	0.2876082021973311	0.5337661777087392	0.5875647832244303
243	0.42215284396159314	0.23429775695186594	0.43866156244460053	0.35579314661519634	0.3361648539634522	0.2652365706887682	0.3773369175850346	0.3574088856835127	0.0	0.15450079753732604	0.19395100017588685	0.13162115241446318	0.41259203652927	0.19696796629728694	0.1461424502548696	0.42969160364696746	0.5413749042853361	0.46722022510785577	0.43303914436374535	0.42711296684087785	0.5641498544722869	0.4191823893214758	0.2972059714318119	0.4030809035082681	0.43643059679429835	0.45750837357162055	0.28421158400199303	0.451906393792945	0.4922458579046095	0.3688974371342648	0.2896326270985	0.3534488254762526	0.4063503004227069	0.29360355895204027	0.3822530513279231	0.3957353091568451	0.4175925526208361	0.4146197099226311	0.4055704249703047	0.435820280520438	0.3455898191237102	0.1618626904964235	0.2640425316680431	0.23905656266254466	0.2804241811847345	0.42977311461279855	0.4510835327358834	0.22277928675150557	0.44700956903863287	0.4519536347686139	0.4994285662591572	0.29611931934098	0.2671792608430036	0.40186925219672737	0.24704094458715392	0.37484871040617873	0.48291827421616956	0.4763245837102065	0.1813959729914576	0.2904631416973845	0.4720486069751192
566	0.43869484706256123	0.21935831275122952	0.4448406169014647	0.39899906739752716	0.3434781702260057	0.25615629329705597	0.36614107462435574	0.35355039248091213	0.15450079753732604	0.0	0.2044220660948864	0.09582419974359332	0.3718175469284819	0.18699637459405488	0.16217346829884044	0.4532073025387505	0.5729627805320597	0.4970019181738773	0.4521103713434799	0.45264296988419656	0.5883710512570318	0.43633783550808447	0.3270266115375353	0.3707503591555541	0.4315658552412898	0.4755250772183471	0.31539542092022377	0.4399163145427295	0.48547045542203154	0.36922542793270824	0.27975873874589496	0.3878659563649466	0.4265315861559601	0.33735209823817225	0.39163857468925567	0.38708046002708374	0.4350759599421662	0.4256203410637619	0.39265498954191513	0.4178355980342632	0.32371600569661396	0.1466300815949288	0.26214527774758334	0.2104386985525135	0.30440101322848584	0.3912426121908533	0.43167452925420136	0.21732456542456918	0.45179922810060624	0.44958646744733044	0.5316264584804583	0.3056360481220306	0.27698012182435305	0.40828410334451826	0.17301297390125697	0.39819365396420986	0.4930454638559782	0.481625245424837	0.21853279072940374	0.3088873402667723	0.4780869819205117
258	0.36104527249999435	0.30884190839033754	0.4856682466390966	0.3200399007533691	0.3637482105843398	0.2000718095302469	0.43111223373840896	0.2989092171412347	0.19395100017588685	0.2044220660948864	0.0	0.1758280151249825	0.44960700421922467	0.16700684236695357	0.1590503660550464	0.4161148321235123	0.5005295573865878	0.41562580350141104	0.35094256112361133	0.3948737434359921	0.48566547938603455	0.4290299166808631	0.34290882875013284	0.4503956270748114	0.3827803555608845	0.4018530583299543	0.27080941546441994	0.49019291600272535	0.47417134526299176	0.35141922568721584	0.29004854552607084	0.35261280833994446	0.42020533146297856	0.2754445084802436	0.41820720812378886	0.4383747583765313	0.345974841176271	0.44443672827040415	0.44602344984281517	0.4612643262920952	0.37885592596141227	0.1990858528161326	0.28847076153850737	0.3162863743836546	0.238036680277671	0.4898738624374904	0.4709289553353372	0.20855719924809224	0.4445826944069259	0.41775363332675136	0.45280498464695906	0.33456786689500595	0.27756281251005854	0.4336786986710164	0.32247940911952433	0.3144649622978556	0.4170200929656548	0.48159976280228994	0.15143557760057508	0.31906445563286645	0.41442629283284194
574	0.4285518072085107	0.2510212606053004	0.46289414406851986	0.3878608068554481	0.34905920487330094	0.2398483217805058	0.3500081852943877	0.31229742103174546	0.13162115241446318	0.09582419974359332	0.1758280151249825	0.0	0.4015298338693829	0.1836232532605086	0.13755388904864357	0.4552531208775365	0.5746630982719784	0.4984702399002865	0.45928467758401964	0.45827133187746194	0.5809493243428157	0.44029506134573865	0.32872415888384326	0.37978511033110485	0.41640854405626915	0.4805094974170321	0.3236956348829032	0.46325577259193745	0.49401184186147373	0.37850353824802563	0.2828309609913002	0.3861783658043207	0.42743395377201354	0.3250536281535176	0.4077893342029833	0.39571262558024317	0.43604354215090935	0.4317915111341131	0.4097772963328096	0.43200070122049566	0.3338906626796586	0.12289160847506583	0.26350068828747375	0.2374072575993505	0.31002272299166145	0.42781518218085707	0.43751578150154014	0.19902950519990953	0.4178028836835861	0.43109990209886795	0.5332790287889794	0.31812316021429865	0.2897572400588215	0.4194516648601088	0.22475827688834255	0.38938727797213935	0.49420272472607313	0.48692600027392036	0.19596651104548052	0.31288760988261094	0.4931162125874147
500	0.2933573309329971	0.27249383513114794	0.25045948653583244	0.4501037054786878	0.24821318402789838	0.5620481632185876	0.6328510246730068	0.6577911799718561	0.41259203652927	0.3718175469284819	0.44960700421922467	0.4015298338693829	0.0	0.3759071618105617	0.4490669409037534	0.31523520794540116	0.42314800253382656	0.3048109652207158	0.36388635308965805	0.25453608690188245	0.42044822531645054	0.23635683910065347	0.2803771546220326	0.17376953088338992	0.6515278594792242	0.40701728475215027	0.47852980504254183	0.21369552844109346	0.2714485638291144	0.370538440539027	0.21610009443995243	0.41406982028274397	0.24835027750810676	0.44930068715472593	0.24949347033579447	0.23251685413189221	0.4004384652525938	0.23648111567603486	0.1767888775586584	0.18998872915821668	0.24141287145955387	0.41349295784813	0.2625732000099434	0.3621925809962172	0.33186769113567605	0.15311928303523736	0.16995235916681514	0.5262224107812559	0.7018392479234902	0.7610468262825579	0.3506696947391084	0.2512166061590805	0.3584855561566019	0.18858879877795243	0.3473579196142272	0.3089480872184474	0.34135429505129045	0.3006395067329146	0.488829875966096	0.2914284736589542	0.34454916654092355
389	0.3357549644405508	0.2462699716028744	0.43397370314786016	0.3286223072676745	0.3167431358317683	0.2765136615119755	0.43786650616668654	0.3602758119615695	0.19696796629728694	0.18699637459405488	0.16700684236695357	0.1836232532605086	0.3759071618105617	0.0	0.20940700887845848	0.3971964298931443	0.4792540438728982	0.40083221156522814	0.3583253758745254	0.35581119024937435	0.4915615912455774	0.38729361317562494	0.31347019994760683	0.3714129008070892	0.4230131314657467	0.38568723522943216	0.27980480526948903	0.41447290999728303	0.41708978113514983	0.3134372557659458	0.220794951601475	0.3451567669692529	0.3822470402082432	0.28452013190718123	0.3630310387733986	0.38334927714216116	0.34521078970891594	0.410161683869677	0.39111343990265157	0.4109860989833738	0.33206082835814976	0.16522488436100602	0.22229807577987515	0.2510382672102349	0.22424349740017113	0.40945153852711924	0.3971758277092843	0.25204505037267566	0.4733444368385873	0.47098867971757086	0.446909526927145	0.28656311480763874	0.24505917494016063	0.38807810198129217	0.25069717943965875	0.28010825805560613	0.41599339867655544	0.43620384086978004	0.22004948591946788	0.278092848836183	0.4006124727419652
497	0.4268161488878097	0.2803780389547276	0.45501115518742385	0.3322433413696268	0.33401867627404824	0.19183880638917772	0.3774392891867636	0.2966210151674117	0.1461424502548696	0.16217346829884044	0.1590503660550464	0.13755388904864357	0.4490669409037534	0.20940700887845848	0.0	0.3976753015767852	0.5441575965658689	0.47788300011448	0.43814406759134567	0.42317776152934056	0.5631931449576452	0.41491213202730126	0.3289870071922373	0.4590009842724372	0.38929417321388327	0.41853416181767944	0.2895537993901374	0.4631758833209946	0.49265328288222143	0.37565981772305856	0.3031268767670797	0.3260681939880909	0.388464815052617	0.27221789543311325	0.3781210774239243	0.42981158150599363	0.39376835686726097	0.410280866351852	0.4154475441814911	0.4502274292398626	0.38418134725655967	0.172368849156676	0.28333967076333877	0.29659559452535733	0.27230282009197543	0.4567506672939189	0.4765310715711254	0.16097311682077242	0.4002289278827193	0.3941532764491738	0.4784410611045862	0.3323436811456014	0.25920579044047837	0.4195673252389018	0.30513770316947836	0.3543355697423784	0.4478546141040605	0.46415057966861833	0.1328655532387671	0.2966949644072071	0.45079841541171206
247	0.30253957824713534	0.3343032272264161	0.21372805877315387	0.3528807236196383	0.1554315065549836	0.4954320234881643	0.6698258064762377	0.5701740281418098	0.42969160364696746	0.4532073025387505	0.4161148321235123	0.4552531208775365	0.31523520794540116	0.3971964298931443	0.3976753015767852	0.0	0.37882609662468636	0.34088587305042695	0.3331127947583	0.2167278554478973	0.362148623186319	0.16042781312019924	0.19665378070200096	0.3533856667867677	0.6624651702281681	0.19130945565845087	0.3811609220445694	0.24864408435251217	0.26386956269761097	0.32733174122033265	0.2908733756277353	0.29450262760677554	0.12515294058626578	0.35595982150703387	0.17093616070038348	0.15744965159394955	0.2115230034462473	0.14330018777776582	0.19756557827380328	0.25533966960967974	0.2804366310961842	0.45906892322212034	0.28655564810398526	0.47734310307583006	0.23091588754653733	0.312713745201071	0.34854773898962077	0.49583744101434757	0.6862163334254632	0.7195720904519298	0.2042210218336703	0.20705431253908746	0.246559551567484	0.19582732321170265	0.48151743022559607	0.29031875851038025	0.1237331615514683	0.19361476867043875	0.44343863383567833	0.19808257041527416	0.21064405915727596
181	0.35436086791642085	0.49009171303199994	0.4161030092913985	0.4747358842189888	0.39474088114185873	0.6095895204622133	0.7745505154898792	0.6685794694887573	0.5413749042853361	0.5729627805320597	0.5005295573865878	0.5746630982719784	0.42314800253382656	0.4792540438728982	0.5441575965658689	0.37882609662468636	0.0	0.3079959702326397	0.4028185076386879	0.2824029819522905	0.21160666515885596	0.377871327394312	0.40231893692438103	0.46469632829288876	0.6997026427400673	0.4727631778388336	0.5358201228407808	0.41355438059381716	0.2392006057982819	0.38447146714629044	0.4029839982626864	0.4408465685970845	0.40216022371493065	0.490635458988371	0.456635648196408	0.36782472656445664	0.33032092599629337	0.44535939365799415	0.429893033312503	0.3181512403568289	0.4513666656709271	0.5789581212841093	0.38198220407633593	0.5890544586146127	0.4263089317735719	0.44890435075032187	0.4092840075134773	0.617583227209513	0.7932609166954251	0.8250967452832358	0.4573167435603749	0.44122093088193415	0.4520508346669913	0.36536442199285346	0.6042035656093077	0.38724902559680296	0.4048017883170333	0.30591003440129017	0.5593787326490008	0.44900345361337507	0.47319936192204964
217	0.24275395447913128	0.41757120315264934	0.3341974604566381	0.38312272719038953	0.31670023242066825	0.5025033402375325	0.6738600715346039	0.5812099314128844	0.46722022510785577	0.4970019181738773	0.41562580350141104	0.4984702399002865	0.3048109652207158	0.40083221156522814	0.47788300011448	0.34088587305042695	0.3079959702326397	0.0	0.257866862311792	0.2176989041905866	0.2492112603489359	0.2841839127796076	0.3282685324954983	0.3329980687146784	0.5901875905356979	0.3690778269547996	0.43861797976428984	0.3378288461806334	0.31593499941204206	0.35554134883478455	0.30978161647964986	0.36006448651464706	0.3123859900697011	0.4107618623875193	0.37313604737513806	0.3250873599482379	0.32286211502380935	0.3578428879607628	0.3472819793447831	0.28974567144299507	0.34123560940153563	0.5072427759734112	0.3273746044918022	0.4977570079762657	0.3347796652792467	0.339912879956627	0.30923617657201813	0.5246989820453289	0.6891655037055678	0.6942556130133564	0.35827702326333755	0.35904651341092714	0.3821572917123629	0.2989527535924909	0.521314947033262	0.2993354581440626	0.321194031403486	0.32473704997386654	0.4696351850265077	0.3747057156111586	0.3535427494436133
327	0.27199166698973165	0.3505023301992076	0.37195490989469604	0.27292841302063037	0.28668960917955055	0.44174318850399164	0.580048536986595	0.5915683348198357	0.43303914436374535	0.4521103713434799	0.35094256112361133	0.45928467758401964	0.36388635308965805	0.3583253758745254	0.43814406759134567	0.3331127947583	0.4028185076386879	0.257866862311792	0.0	0.2513596812411625	0.3470170785180253	0.312537331046441	0.28210479772479846	0.3610910251147964	0.49267752419479566	0.3381398805861183	0.31905501857038976	0.3658983997395322	0.3835515231830533	0.2647697742995412	0.27955308435638515	0.26919710417399934	0.33818816554881986	0.29707661152980036	0.3362377403745923	0.34402370102387464	0.3023549802087196	0.3573331404403731	0.361323895162007	0.356640956415361	0.2300975302549339	0.4656420283928344	0.3197226342864893	0.4084006014184036	0.2564665294238615	0.40910895918984425	0.38520111579762795	0.47469012826066	0.5897925526796561	0.6732907653241873	0.35691288161973095	0.27696499378884054	0.3098898715625206	0.34212819391306415	0.4729317199263713	0.27989205179228516	0.3272401495269535	0.3440290695255851	0.4077011737147819	0.28949637318372634	0.3218161366119494
288	0.22977936668664214	0.3430016938977882	0.2513904338670589	0.31286871680195705	0.1988201887186859	0.5053518171088336	0.6609435591948296	0.5960463754153379	0.42711296684087785	0.45264296988419656	0.3948737434359921	0.45827133187746194	0.25453608690188245	0.35581119024937435	0.42317776152934056	0.2167278554478973	0.2824029819522905	0.2176989041905866	0.2513596812411625	0.0	0.2565152805239826	0.16853047144509536	0.23555925157482283	0.2993983892290669	0.6068070789163807	0.31898832675660116	0.39815338253415306	0.25239011304737213	0.21494968510994775	0.27245431759734534	0.24771384016613135	0.2982511775932509	0.2118492219424658	0.3582289280956149	0.2683877361886984	0.20605136401650614	0.2763685352023794	0.261480030018393	0.2314960699314277	0.17476406031411904	0.27106641242830215	0.457930885134862	0.2555024524198555	0.45845463603670344	0.27773179480494786	0.27618046136150987	0.26945696594394775	0.5086470990646641	0.6762779868170212	0.7330290790634946	0.293950038845303	0.2638015613931404	0.31200637442712276	0.17734744256935064	0.47869358286933256	0.26377468622962746	0.24755584208233072	0.19654946042489232	0.45775441059393607	0.28608202329330656	0.3238477993832566
570	0.2916531603797832	0.49968633475311947	0.39453617098316085	0.46023546618754224	0.3855808830379931	0.5426284139370349	0.7834837502264433	0.6190859728289497	0.5641498544722869	0.5883710512570318	0.48566547938603455	0.5809493243428157	0.42044822531645054	0.4915615912455774	0.5631931449576452	0.362148623186319	0.21160666515885596	0.2492112603489359	0.3470170785180253	0.2565152805239826	0.0	0.37426542866776324	0.3888605829515732	0.45222297819241797	0.6942465535996405	0.4086434053676294	0.5156985343453724	0.40545873863769766	0.24233384150025758	0.37861932386000274	0.4037930977985709	0.42540791633576847	0.389819424508815	0.48752402625400915	0.4485737102096511	0.349923191115902	0.29554807142819317	0.4347329431582435	0.42092998748610444	0.3071222284579747	0.43510711271163516	0.5919961373584812	0.39933942540856004	0.6103960702670514	0.4063088791047318	0.4610093843490435	0.3982960174706339	0.6077781658590118	0.786068043558408	0.7844814707690446	0.4309653752277079	0.43234819060162577	0.42556797745241054	0.36393072384631453	0.6122367961249917	0.389514566444023	0.375113373353203	0.2948778783186602	0.5525963954584127	0.4388196091771728	0.42696687389081156
149	0.28024004042828304	0.3212566110792881	0.19433506272752757	0.3467193830355341	0.14266679481809152	0.5279782171234638	0.6431839282022285	0.6330135804623747	0.4191823893214758	0.43633783550808447	0.4290299166808631	0.44029506134573865	0.23635683910065347	0.38729361317562494	0.41491213202730126	0.16042781312019924	0.377871327394312	0.2841839127796076	0.312537331046441	0.16853047144509536	0.37426542866776324	0.0	0.18844476010189753	0.2791205754269354	0.6452033534724314	0.24974531883028828	0.41048625560748436	0.17575810827163138	0.2553975134305813	0.3104013266341358	0.24609504790695838	0.2852150912119712	0.0972306434819055	0.3565121374066139	0.14823737600180875	0.1634045095445414	0.29360848322702393	0.148773501263463	0.12291332361509835	0.19780838816823607	0.23075783877903533	0.44531152347312064	0.2510279402842232	0.43268272947685327	0.26068179057609564	0.23649168610367977	0.2596920104556467	0.521770583316905	0.6860814694750433	0.7582977533224124	0.20573495809135728	0.1950695427244561	0.27603791327275196	0.139983386117693	0.4625285926913432	0.3014432726869556	0.170138895873819	0.14303311659306875	0.48038045667485396	0.21834921200720991	0.2729911982722606
507	0.27705003194269584	0.22013863766860234	0.21176605687663705	0.3051692625816723	0.10777893233593966	0.4194006823862178	0.5599779243613343	0.5394759543284058	0.2972059714318119	0.3270266115375353	0.34290882875013284	0.32872415888384326	0.2803771546220326	0.31347019994760683	0.3289870071922373	0.19665378070200096	0.40231893692438103	0.3282685324954983	0.28210479772479846	0.23555925157482283	0.3888605829515732	0.18844476010189753	0.0	0.3000915246960696	0.6044570338157897	0.22291779658315017	0.32939551178360116	0.2560034646013535	0.3037779294472237	0.27925293711306176	0.18620196437923967	0.2573022311789155	0.17933076041093302	0.30693969673083127	0.18450875030787595	0.16951442188591648	0.22580530375286154	0.18878088295646214	0.1891159780503453	0.2536789455711603	0.1822795754039182	0.3328746206642826	0.18321426127085894	0.3609935129485951	0.1603981787137389	0.29434647344519893	0.31835168052771623	0.42841851924322866	0.6298274289665902	0.6647542132049122	0.28757888978290946	0.09909064477627134	0.17141283499327176	0.18895043231225067	0.3578090238826756	0.25164735237876396	0.23921399874075888	0.25752774850260773	0.39430054064175313	0.12298114745308623	0.26627418262769664
140	0.2930136813968648	0.29304769993539503	0.33396345099553776	0.45884938435430955	0.2698957724243488	0.5712354341250974	0.5780764177256121	0.6418549518431803	0.4030809035082681	0.3707503591555541	0.4503956270748114	0.37978511033110485	0.17376953088338992	0.3714129008070892	0.4590009842724372	0.3533856667867677	0.46469632829288876	0.3329980687146784	0.3610910251147964	0.2993983892290669	0.45222297819241797	0.2791205754269354	0.3000915246960696	0.0	0.6110456996517291	0.4306269906189024	0.48475787644694407	0.31051959075819313	0.3399594118918329	0.3788623446587697	0.23668043469006847	0.41865377452301644	0.29913207148656135	0.4570220742132338	0.2939486896309187	0.2752767250499445	0.4216264177777156	0.3185864396325762	0.23728080384418232	0.24858247289374885	0.2408663553256947	0.3977521121279809	0.259686152374424	0.3641502341265382	0.3578005875579685	0.22056704912964473	0.21735825627674654	0.5143772260553574	0.65260544445372	0.7300269349601539	0.41605249591894866	0.281196160874465	0.36352855090590197	0.2550212752829745	0.3465056587405859	0.33558398678138557	0.3819546205054709	0.34333198377460106	0.5164864738864986	0.3197668495377118	0.3972628234323639
443	0.5876284552648516	0.5704681638213243	0.7088506106397867	0.4218528440861081	0.6014651916240976	0.42059468581925025	0.16104061528655106	0.4036425621259752	0.43643059679429835	0.4315658552412898	0.3827803555608845	0.41640854405626915	0.6515278594792242	0.4230131314657467	0.38929417321388327	0.6624651702281681	0.6997026427400673	0.5901875905356979	0.49267752419479566	0.6068070789163807	0.6942465535996405	0.6452033534724314	0.6044570338157897	0.6110456996517291	0.0	0.642934265865281	0.3724129988758773	0.7060287953534727	0.6967036084291913	0.47369881918874096	0.5301014240276138	0.4751464459902391	0.6660715239107853	0.38010256693868205	0.6671213429329985	0.6728479409370073	0.6050647468707353	0.6845344191671895	0.6739087011586549	0.6811426147131838	0.5396357076911582	0.4292190374778838	0.5249996245730405	0.3800021081817754	0.5169218070548361	0.6990477928715905	0.6580590743550581	0.3668677845104217	0.15843953444779685	0.4594786394980912	0.7087297862819656	0.5998076158176745	0.5267846138247274	0.6731310450706574	0.5400251191829294	0.5583260247082044	0.6714201636646094	0.6693207685783751	0.39110767966844956	0.583527191640806	0.6605783846305375
131	0.3118592786068876	0.3705153618397131	0.28389649006115814	0.3745778317936308	0.2182716907182202	0.41315491583986447	0.7024303394620239	0.5282669359297381	0.45750837357162055	0.4755250772183471	0.4018530583299543	0.4805094974170321	0.40701728475215027	0.38568723522943216	0.41853416181767944	0.19130945565845087	0.4727631778388336	0.3690778269547996	0.3381398805861183	0.31898832675660116	0.4086434053676294	0.24974531883028828	0.22291779658315017	0.4306269906189024	0.642934265865281	0.0	0.4001707631735953	0.3286650736092094	0.3730210218907963	0.38964161039483286	0.306904144690348	0.3458245286968157	0.2057443151708849	0.3877279399108321	0.21858751654389136	0.28725640816083264	0.21991925009018742	0.24783826426062772	0.2764232610025662	0.36492783667686557	0.3260509759387483	0.47507595663712876	0.31550961957155443	0.5093879330990878	0.2384349733782354	0.39226148192089205	0.41236794924362813	0.5106042345682666	0.7170669766109272	0.6516604742260659	0.20958846661814567	0.23809152640191097	0.2665361886569413	0.30013804343067596	0.499558394903956	0.293560277142247	0.1643717011602966	0.31318763184163867	0.43251310080155436	0.22349466233765447	0.22147929193425614
170	0.42266537376094426	0.3512649212113702	0.4324984519023843	0.1759663781813431	0.33785244845546447	0.3194719787838476	0.3817832748998516	0.4720577244034316	0.28421158400199303	0.31539542092022377	0.27080941546441994	0.3236956348829032	0.47852980504254183	0.27980480526948903	0.2895537993901374	0.3811609220445694	0.5358201228407808	0.43861797976428984	0.31905501857038976	0.39815338253415306	0.5156985343453724	0.41048625560748436	0.32939551178360116	0.48475787644694407	0.3724129988758773	0.4001707631735953	0.0	0.4633882170034357	0.49560687854215996	0.28556658928289774	0.35239535799434873	0.20545435879516005	0.39726454400840866	0.12245555385740732	0.3900753638343285	0.4137583688198565	0.3545480279593284	0.42513320539163585	0.4346938639215782	0.4818777608487411	0.3061560694136978	0.3263560222096046	0.3442262533690684	0.22625900508596572	0.24663750909255647	0.5043481754876357	0.5155498929229645	0.3473788875240111	0.40223259551011337	0.5429860314816746	0.4413423259135187	0.33273580093274424	0.24478150548328864	0.42677984061446894	0.36994807657180806	0.36400335314935744	0.408812977228756	0.4410038581022774	0.29324231006630697	0.30734348490501173	0.4114839944752533
292	0.3362415532143992	0.3340552069734033	0.17740818743789008	0.44486483646323616	0.2116466859990025	0.5590716896083334	0.6651778944669687	0.71001688208063	0.451906393792945	0.4399163145427295	0.49019291600272535	0.46325577259193745	0.21369552844109346	0.41447290999728303	0.4631758833209946	0.24864408435251217	0.41355438059381716	0.3378288461806334	0.3658983997395322	0.25239011304737213	0.40545873863769766	0.17575810827163138	0.2560034646013535	0.31051959075819313	0.7060287953534727	0.3286650736092094	0.4633882170034357	0.0	0.2748950868999652	0.3940574420070384	0.27429827769229326	0.3755566763120145	0.17266324400257146	0.43348169859978153	0.16023071055872706	0.22058628416634385	0.3609959702124187	0.15122384074733206	0.1471774105160437	0.21394372986517574	0.2682756388972394	0.4651994240616762	0.31773110095637125	0.45218344570042884	0.30860865312291647	0.24983950968527363	0.225540237641768	0.5605883137506738	0.7354491563828521	0.7933319745036748	0.26953320943833686	0.2148450775640741	0.33036569885890343	0.1635099631684291	0.4561825489408484	0.35258482473299724	0.27180755171910526	0.2565489496297386	0.5058720911594062	0.2359416487022705	0.271633330298817
592	0.27868651201444566	0.37521303453115606	0.32035464515059797	0.4373045832275463	0.2742034530745874	0.5863337474998924	0.7126871988078609	0.6341514221141794	0.4922458579046095	0.48547045542203154	0.47417134526299176	0.49401184186147373	0.2714485638291144	0.41708978113514983	0.49265328288222143	0.26386956269761097	0.2392006057982819	0.31593499941204206	0.3835515231830533	0.21494968510994775	0.24233384150025758	0.2553975134305813	0.3037779294472237	0.3399594118918329	0.6967036084291913	0.3730210218907963	0.49560687854215996	0.2748950868999652	0.0	0.30896093979824135	0.27416217461681247	0.4045686944407353	0.27616574581029496	0.45400451743398507	0.30116780640352014	0.23104998218344508	0.31003665950965803	0.3203790390809713	0.2802994711231132	0.1940025010885827	0.3126146513365189	0.49693969495593726	0.28648422695582926	0.49645266502250446	0.34908363339464255	0.3179499021714617	0.2694083118820825	0.5719956360080762	0.7422629653812055	0.8015904322540379	0.37708585079815626	0.3204993689157914	0.3797091100906461	0.20260904850530226	0.5135026304398926	0.3209937955748581	0.3205478750815496	0.18980061410964577	0.5186068657567727	0.33691223032591633	0.3926334734943169
222	0.32439824726015326	0.2931419322871244	0.4105150799351834	0.21446636192838026	0.27924939722911857	0.48222516152234407	0.4928244774573676	0.5263331818058326	0.3688974371342648	0.36922542793270824	0.35141922568721584	0.37850353824802563	0.370538440539027	0.3134372557659458	0.37565981772305856	0.32733174122033265	0.38447146714629044	0.35554134883478455	0.2647697742995412	0.27245431759734534	0.37861932386000274	0.3104013266341358	0.27925293711306176	0.3788623446587697	0.47369881918874096	0.38964161039483286	0.28556658928289774	0.3940574420070384	0.30896093979824135	0.0	0.23505270287172692	0.21180081517789734	0.350703419797674	0.2536349179652524	0.36627809536440664	0.3125861764208274	0.3051811926555125	0.39364816590526364	0.35432261175097285	0.3021698892215394	0.2409986314027576	0.38420798437376225	0.20947185151733044	0.2998462999996345	0.27084390028715455	0.4050788895115219	0.3860410925587754	0.4469103197517882	0.516428976184558	0.6848337177770794	0.4606351911871917	0.30428846618022837	0.2797721936552741	0.3004485997238723	0.4007321100357485	0.30617043015838297	0.39283470290568845	0.2851774002230151	0.4131495125432064	0.2983400226628541	0.4426876887329316
519	0.23514850065582632	0.18640749135643248	0.32331243292788525	0.3226850344984199	0.19155130018205152	0.422104475223685	0.513141083918337	0.5029219720148237	0.2896326270985	0.27975873874589496	0.29004854552607084	0.2828309609913002	0.21610009443995243	0.220794951601475	0.3031268767670797	0.2908733756277353	0.4029839982626864	0.30978161647964986	0.27955308435638515	0.24771384016613135	0.4037930977985709	0.24609504790695838	0.18620196437923967	0.23668043469006847	0.5301014240276138	0.306904144690348	0.35239535799434873	0.27429827769229326	0.27416217461681247	0.23505270287172692	0.0	0.2764442792456957	0.2550131116985123	0.31431283033560037	0.24400037291141866	0.2481571756921989	0.29401825572028717	0.2802764971480006	0.24388135258522786	0.2543592700951051	0.1902865656143543	0.28852195420562526	0.11963999811406034	0.30345094773117254	0.19392605205372246	0.2676563907044844	0.24696791275341107	0.383692937496929	0.5699119889731423	0.6210751477864073	0.3634853469011531	0.18078684151110536	0.22079914532249287	0.2408324511099706	0.3042161466059032	0.20218590409832662	0.3247226068319633	0.30125939125393164	0.35058038440683525	0.17578360047902983	0.3328930191191898
656	0.3465118781398167	0.3059434675219391	0.35724199331980616	0.15838377151782607	0.24844559199105323	0.42874348318735495	0.4788780504653069	0.5585091895683023	0.3534488254762526	0.3878659563649466	0.35261280833994446	0.3861783658043207	0.41406982028274397	0.3451567669692529	0.3260681939880909	0.29450262760677554	0.4408465685970845	0.36006448651464706	0.26919710417399934	0.2982511775932509	0.42540791633576847	0.2852150912119712	0.2573022311789155	0.41865377452301644	0.4751464459902391	0.3458245286968157	0.20545435879516005	0.3755566763120145	0.4045686944407353	0.21180081517789734	0.2764442792456957	0.0	0.2849427876363046	0.15291774648712309	0.3112984037456956	0.32993093554405406	0.3246182347142301	0.33056067494619745	0.32642238592530043	0.35624374580446905	0.22779062494548608	0.39221963175516383	0.2650266799067361	0.30118275711904385	0.23991445899710911	0.39529079426280544	0.43438231684666867	0.43543257196481544	0.49767465000021555	0.6593563456451328	0.3730312760678274	0.27526406586972696	0.24974961473225904	0.32363382889506853	0.4327647699462669	0.2997026266905615	0.33054302925699397	0.3046769487786244	0.39352092415617934	0.25921708319624376	0.3909104596913343
148	0.2906903695840676	0.31190173047714476	0.1703502340414452	0.360686091387709	0.1316290813940047	0.49241809100451045	0.6390959005207186	0.6176707357976652	0.4063503004227069	0.4265315861559601	0.42020533146297856	0.42743395377201354	0.24835027750810676	0.3822470402082432	0.388464815052617	0.12515294058626578	0.40216022371493065	0.3123859900697011	0.33818816554881986	0.2118492219424658	0.389819424508815	0.0972306434819055	0.17933076041093302	0.29913207148656135	0.6660715239107853	0.2057443151708849	0.39726454400840866	0.17266324400257146	0.27616574581029496	0.350703419797674	0.2550131116985123	0.2849427876363046	0.0	0.3623333751504031	0.11046372698264134	0.16116161915575045	0.2704747729803887	0.10912579603826336	0.12249179449469805	0.2242310695620161	0.24652172611851358	0.4246824561528181	0.2646188230836459	0.4466710034222119	0.2407734486219768	0.2368730500438239	0.2748055149652745	0.5057086747272241	0.6862867541290322	0.7373924064588864	0.17446908953446538	0.17388997336956852	0.2527930469725902	0.1494076152509059	0.45365896230760827	0.288983478517007	0.14132400885806756	0.18235168205537575	0.461780257505987	0.1778531377961333	0.22873109771795994
